330 214 537 352 295 416 442 863 728 398 133 793 856 518 835 461
117 622 289 509 267 796 356 945 760 998 337 177 357 763 656 771
750 260 156 418 781 252 708 240 654 704 366 556 513 639 441 235
583 382 165 222 160 773 957 550 430 690 757 440 138 352 203 125
110 157 663 150 167 504 189 858 759 197 543 859 814 659 374 172
383 514 119 678 888 265 986 814 249 998 372 675 322 355 564 502
290 118 777 579 360 265 501 126 477 972 771 746 597 959 991 229
457 116 497 679 743 483 358 563 719 626 184 577 654 531 748 810
319 209 816 993 810 676 646 179 732 779 792 615 897 771 169 644
710 112 340 803 471 736 765 562 591 625 458 863 195 361 320 975
410 583 761 294 325 701 871 542 667 961 674 500 438 723 734 622
135 565 727 279 301 845 225 190 229 886 964 672 625 178 414 184
195 986 105 665 823 290 201 797 850 496 496 153 844 968 609 410
655 563 251 147 542 798 813 640 955 280 811 202 336 850 788 334
480 702 971 799 620 365 842 398 986 845 296 403 675 803 420 430
851 461 553 971 654 790 288 867 677 915 499 617 609 311 892 580