303 791 233 685 533 790 559 364 948 236 806 525 720 933 922 423
923 982 432 227 478 126 988 506 164 487 879 664 950 215 473 546
139 217 167 170 294 554 442 740 569 733 360 232 589 834 793 651
878 147 696 758 544 777 227 941 889 361 116 494 428 806 477 698
378 594 490 349 605 634 386 969 492 158 980 585 828 301 933 553
617 695 553 169 325 963 465 984 969 988 276 656 181 283 587 659
994 834 824 613 347 427 534 578 532 864 305 955 421 195 654 629
802 668 756 798 988 849 613 892 439 121 726 336 747 784 484 264
181 234 612 520 291 832 324 427 160 155 624 698 671 206 389 311
620 571 124 965 523 635 808 808 829 415 697 839 852 348 137 990
980 831 860 704 463 609 149 808 495 278 701 131 183 406 973 282
902 586 442 351 172 664 305 107 110 402 302 402 990 654 843 949
724 379 393 322 919 243 423 574 822 115 848 263 381 299 291 778
365 240 992 533 355 232 737 615 930 603 273 476 809 968 360 237
219 711 701 239 570 154 641 950 819 910 941 689 328 142 270 609
783 895 385 423 143 881 184 207 723 667 224 242 535 241 121 773