759 152 534 364 336 677 124 479 660 595 678 854 682 601 937 906 517 738 244 651 718 618 492 352 749 731 190 434 579 104 203 299
603 459 225 593 495 560 146 809 524 276 852 540 267 269 513 312 510 253 622 260 452 967 303 812 243 649 802 552 520 349 576 658
562 424 526 959 569 250 479 401 369 829 445 611 962 664 358 354 273 215 443 916 623 846 738 681 195 137 649 247 796 106 876 793
215 383 628 152 643 664 883 770 156 512 264 934 353 452 894 271 925 247 285 673 103 332 600 605 375 216 979 276 776 487 382 606
204 161 506 191 707 371 122 472 477 406 576 562 128 398 632 868 673 941 303 977 549 617 396 805 149 177 471 739 794 683 537 843
697 159 566 773 230 207 511 542 612 228 124 390 966 222 520 600 512 766 696 521 329 115 839 360 502 545 708 722 327 802 718 420
666 447 751 487 412 891 174 990 516 466 145 565 925 475 551 425 951 312 551 113 547 550 218 950 799 211 449 446 967 216 851 952
513 884 243 211 169 925 611 591 175 857 178 760 102 181 386 846 768 153 113 237 608 997 968 794 115 642 630 161 278 343 798 438
432 897 314 250 553 343 297 206 425 713 402 994 430 656 440 541 886 953 745 463 727 425 597 689 569 867 389 716 660 852 263 556
504 199 507 308 236 548 183 748 316 716 560 838 617 661 669 403 304 282 534 630 724 124 121 663 120 391 120 542 131 395 930 522
493 541 170 685 895 540 360 160 389 133 926 405 804 925 395 491 237 394 922 407 366 716 235 965 547 507 127 443 382 486 514 231
266 247 784 529 928 307 740 674 346 747 281 884 942 323 403 105 368 550 834 657 485 684 928 637 887 302 239 106 473 864 432 423
147 425 537 574 194 450 860 143 863 391 402 619 311 831 649 630 395 968 478 107 509 422 807 941 685 157 439 472 790 489 667 187
785 238 767 960 770 242 324 152 833 790 213 954 396 866 290 696 501 320 148 719 215 380 931 667 556 151 687 877 247 482 998 855
129 892 449 171 319 433 215 906 381 772 246 184 232 443 102 559 120 981 935 589 713 922 302 500 848 318 249 522 480 813 939 444
103 117 778 422 119 678 270 263 743 466 407 757 296 578 702 587 805 632 951 692 842 886 939 610 970 821 973 326 339 972 555 979
756 449 134 535 163 647 608 642 585 688 356 391 180 496 480 578 914 759 479 376 924 764 576 418 232 628 238 174 576 835 380 883
379 347 697 836 466 761 919 892 862 568 401 472 524 680 389 196 686 407 987 806 815 252 841 154 664 995 594 411 807 813 586 822
997 696 729 340 581 719 299 378 558 267 726 379 789 848 466 288 265 180 171 266 177 978 604 316 413 618 484 720 901 571 904 914
704 782 807 295 237 541 559 276 594 954 267 632 819 639 978 345 492 546 551 122 240 502 438 364 761 910 200 530 588 208 865 686
832 214 844 707 928 537 696 481 482 777 504 492 920 818 679 491 255 179 983 731 441 544 792 417 130 402 332 771 411 381 692 286
330 248 220 586 801 516 471 429 102 936 716 533 476 513 263 188 233 331 423 842 628 215 612 223 938 122 320 296 341 762 989 461
726 640 956 530 824 860 754 595 724 110 607 723 411 335 223 485 495 490 446 786 330 937 634 408 547 462 617 794 910 189 278 884
568 825 967 842 935 305 457 847 572 778 309 697 506 839 653 787 764 300 946 863 741 112 602 245 854 845 770 219 215 834 400 752
156 487 183 268 485 417 618 277 433 825 914 615 379 721 955 483 578 183 942 520 931 473 425 221 322 347 913 509 295 749 908 575
403 689 830 384 419 844 637 278 170 965 623 856 457 193 461 419 183 332 880 903 909 936 687 222 339 825 509 639 473 280 558 896
411 188 507 761 395 610 623 318 328 339 124 977 283 814 529 938 773 750 934 545 976 442 580 199 751 844 876 266 328 267 472 787
302 882 254 133 918 767 424 942 222 702 135 428 831 960 832 299 859 344 730 125 463 910 115 698 379 129 461 880 813 539 824 272
824 533 221 696 416 482 376 820 683 871 986 618 230 858 499 915 243 137 325 824 721 611 277 463 376 440 784 273 104 227 550 679
310 261 689 117 817 871 658 229 565 607 107 615 961 125 680 913 258 506 115 928 616 416 132 868 616 464 728 695 672 907 815 874
449 264 430 954 779 932 301 896 545 428 163 114 745 787 635 935 335 796 403 273 738 464 377 253 493 694 257 419 177 990 457 504
433 902 604 124 140 779 956 325 838 819 298 285 229 244 488 647 626 575 778 973 703 154 614 231 643 389 978 609 703 466 423 836