523 691 659 667 851 536 541 801 656 854 487 765 917 891 255 672 944 377 170 901 886 813 442 867 145 913 115 980 313 759 703 680
234 109 472 724 112 991 859 137 398 413 553 147 515 289 685 350 712 429 415 582 507 673 498 180 170 948 756 182 769 627 515 726
894 963 923 623 783 221 166 767 898 749 767 343 590 721 256 893 581 424 652 663 418 747 834 479 665 924 194 125 307 121 330 607
115 126 501 520 958 673 658 108 389 425 949 243 217 425 932 797 340 171 727 121 244 850 300 745 842 895 186 492 815 751 196 526
384 466 961 689 669 490 896 613 502 876 660 260 741 630 420 370 100 667 657 209 336 172 337 312 238 204 179 956 851 698 637 443
769 834 586 396 823 831 274 888 416 257 618 686 729 501 312 209 736 278 926 545 327 946 149 216 982 667 430 473 824 798 294 476
228 463 951 952 170 309 740 330 105 337 690 610 307 555 191 509 716 725 509 618 452 114 507 515 279 233 552 583 552 445 670 537
181 230 958 760 455 697 146 609 280 792 168 835 424 882 132 952 109 822 408 280 302 595 423 767 682 575 147 416 199 512 957 676
272 920 907 130 406 812 495 682 201 583 140 343 849 164 625 747 480 287 236 299 443 133 776 794 722 972 699 437 765 147 161 776
708 279 449 456 767 305 458 886 930 567 201 259 972 271 439 521 766 627 408 176 780 701 965 230 809 761 985 608 346 924 605 909
173 670 804 181 349 570 787 403 225 600 941 890 832 693 794 694 639 526 489 217 261 750 950 526 420 222 622 674 524 321 383 979
700 748 417 488 638 953 834 345 437 184 902 690 621 345 782 426 295 167 220 311 299 706 146 912 195 691 855 707 981 968 850 283
261 937 193 938 758 205 248 827 433 668 145 230 398 132 571 729 985 681 108 884 529 110 752 908 449 583 183 863 304 485 387 597
104 867 426 387 726 538 521 476 566 514 577 688 632 237 244 999 261 714 909 729 996 247 901 480 878 136 768 611 131 233 825 214
149 203 253 435 945 866 133 274 683 150 449 670 398 408 928 801 918 246 399 638 836 792 331 554 184 990 274 367 315 921 571 674
645 439 992 888 334 316 563 180 342 625 825 144 918 887 724 896 863 320 929 896 444 466 200 549 251 842 722 790 268 964 843 494
358 758 681 963 311 236 851 429 891 222 590 914 846 819 962 591 987 608 723 679 285 849 885 281 132 669 349 988 564 583 523 315
665 356 173 333 111 713 660 221 525 635 558 668 958 414 959 370 392 691 442 704 369 159 699 182 342 122 488 207 317 256 972 490
438 990 772 255 508 209 670 434 267 395 673 597 883 204 676 316 715 181 907 381 571 446 120 425 492 757 188 793 294 203 412 979
403 750 636 426 644 720 627 535 403 325 649 517 178 199 732 475 502 343 988 108 545 747 417 890 192 630 988 959 363 724 941 886
513 396 130 213 498 292 913 175 755 885 464 209 531 471 375 376 270 788 758 148 884 680 294 175 913 452 167 697 558 874 345 247
621 646 133 275 126 639 218 866 209 360 517 765 294 543 154 108 428 726 725 453 711 492 646 217 773 128 766 189 301 687 107 490
856 228 479 819 593 222 940 999 783 546 636 708 106 782 284 272 748 502 512 432 916 886 562 606 571 851 265 528 743 483 672 914
592 417 659 374 688 704 552 337 166 937 230 120 909 396 688 775 788 849 912 377 904 265 889 709 277 503 122 147 127 555 934 316
945 781 206 593 809 435 186 266 250 175 100 115 245 238 557 544 581 774 174 308 802 242 846 603 559 927 447 674 815 382 247 592
930 312 327 209 363 554 614 182 624 594 277 119 210 129 803 735 505 993 598 178 467 126 430 723 855 622 551 588 932 580 236 225
196 946 722 277 467 441 461 365 434 363 756 354 907 612 838 785 394 118 467 526 165 486 102 406 806 470 142 845 717 187 779 364
541 334 846 128 185 250 826 704 168 139 327 614 513 304 930 989 273 248 980 174 894 914 600 119 366 337 237 604 390 485 969 404
859 973 420 921 762 610 560 733 944 840 393 808 765 378 344 981 287 641 698 161 751 507 933 358 979 611 469 139 694 979 795 500
325 135 678 313 107 755 667 209 955 589 809 512 900 280 591 849 231 713 286 495 329 785 706 214 650 250 973 681 816 465 832 854
874 223 125 680 501 479 657 962 532 522 655 654 607 248 739 238 802 761 518 204 792 600 931 608 351 476 998 853 826 298 740 549
308 310 533 576 562 326 744 490 487 337 625 640 186 294 777 632 817 467 701 705 197 800 955 430 697 500 829 369 626 372 635 969