653 447 432 582 240 178 824 644 895 191 374 663 285 778 117 827 839 322 618 727 107 450 822 438 225 810 383 912 725 677 290 450 162 788 781 715 384 489 867 559 134 448 697 784 696 923 537 844 282 458 271 652 630 362 857 977 757 382 144 290 242 761 558 202
250 983 842 640 929 580 466 147 879 495 449 337 395 454 655 317 466 906 348 996 922 571 551 988 937 627 237 665 262 383 763 882 942 865 356 219 101 591 472 266 604 136 857 456 260 478 266 722 855 751 345 602 553 686 261 942 842 892 821 847 508 547 371 896
591 528 508 530 465 904 497 510 459 198 550 614 515 306 243 922 108 665 737 196 895 809 220 414 805 272 706 842 396 251 513 747 736 602 107 322 158 442 656 167 575 521 423 539 831 798 110 581 768 648 560 884 447 599 870 145 488 771 133 388 546 811 208 175
670 698 737 368 431 218 429 217 389 835 128 468 604 121 187 423 781 247 849 384 703 478 843 608 504 407 627 545 944 695 911 233 129 756 739 175 332 764 924 483 973 357 128 159 959 442 988 319 891 619 830 670 470 408 168 568 699 511 469 172 133 498 207 228
450 198 587 434 893 429 198 851 382 289 719 454 798 894 359 524 519 977 290 639 699 692 360 509 575 199 183 645 447 919 513 621 421 482 494 697 963 126 512 428 443 547 665 664 348 399 551 641 857 533 303 908 790 669 633 286 846 734 882 381 746 377 294 606
664 741 492 573 597 494 115 197 881 668 515 681 810 151 991 834 308 744 587 813 208 522 624 276 862 326 749 883 779 980 414 889 275 561 476 205 717 766 695 662 693 393 366 840 298 678 536 886 463 619 665 384 335 360 971 439 563 611 918 122 116 965 109 162
182 691 139 240 304 519 824 154 778 278 229 889 275 750 264 411 885 169 970 511 719 515 458 332 989 837 258 286 819 184 582 186 991 361 747 533 791 614 435 828 130 125 357 424 922 164 599 356 507 420 232 783 429 266 139 781 361 595 394 453 928 330 477 586
975 737 577 448 688 275 236 701 237 541 257 719 481 124 272 996 326 360 592 524 619 693 507 249 481 909 916 153 199 356 783 452 398 240 128 229 934 491 560 884 991 849 860 748 109 656 752 544 826 549 303 557 911 135 534 896 721 715 537 950 943 833 496 750
565 261 378 861 863 159 675 551 357 258 683 548 116 751 125 857 558 534 935 275 773 731 789 256 405 208 341 515 194 270 875 180 216 578 967 741 800 326 340 249 380 167 236 950 783 274 978 298 489 748 266 767 378 836 576 852 497 775 489 840 642 246 207 757
892 897 206 777 124 824 919 452 391 405 414 754 203 553 976 835 156 532 640 758 724 201 400 340 102 993 162 336 389 299 144 328 363 328 986 571 251 890 884 292 462 229 444 525 222 392 295 731 526 725 968 456 988 846 759 464 681 373 153 667 580 294 236 128
389 261 620 153 751 188 835 513 918 198 480 537 555 178 735 335 189 372 512 614 914 917 273 585 735 377 944 699 876 524 114 330 469 678 215 805 423 891 855 606 799 946 977 935 311 307 511 232 310 982 270 530 370 897 105 236 404 725 850 318 256 630 539 561
425 487 395 923 731 779 269 999 834 777 133 821 874 145 126 373 113 108 902 664 870 748 815 465 191 602 151 793 407 394 296 187 847 971 978 122 861 412 469 917 502 500 662 980 447 679 865 198 377 427 731 225 162 170 569 586 875 133 873 127 239 926 563 278
897 498 515 943 437 100 543 745 153 184 147 726 202 311 414 870 699 602 286 847 187 886 952 358 137 662 344 821 137 638 967 509 895 365 835 836 124 626 672 283 541 625 217 554 840 519 628 682 287 914 265 141 803 803 453 902 578 642 514 191 592 425 874 705
933 735 279 779 446 544 747 220 173 578 836 710 205 237 755 903 551 265 200 885 311 690 342 130 236 815 525 145 324 542 802 770 788 504 630 949 818 567 796 481 995 115 913 523 446 432 949 113 948 473 390 247 628 377 704 274 640 458 243 957 582 627 159 508
355 479 851 309 626 845 396 878 646 170 194 493 932 249 389 547 959 527 622 581 717 536 846 396 457 136 888 785 866 124 707 379 862 763 465 302 998 153 657 563 962 880 385 552 547 346 148 855 586 940 798 175 391 909 124 408 823 752 412 653 571 751 869 421
747 223 480 976 594 510 453 253 109 577 999 456 140 438 465 579 460 965 659 699 587 293 420 880 918 602 981 799 870 987 143 710 724 134 819 290 675 420 205 150 301 537 892 441 337 840 200 266 533 744 762 116 668 882 291 520 653 148 230 221 969 480 377 934
227 260 988 891 514 548 439 732 580 830 882 278 119 819 970 329 362 937 414 968 894 355 823 281 537 325 625 567 981 802 279 252 244 928 184 241 646 258 980 390 228 733 999 693 741 580 772 919 483 882 446 681 271 993 108 554 312 932 771 784 694 519 912 440
769 606 445 168 104 665 673 725 172 636 205 108 691 546 677 663 401 526 829 742 552 953 228 112 564 297 666 475 108 434 828 607 566 110 180 631 553 695 115 187 427 168 972 868 802 389 128 854 923 356 929 923 757 867 982 565 556 989 307 600 899 263 366 676
746 751 859 264 385 389 900 777 795 996 747 606 154 639 130 963 724 601 867 289 623 344 830 127 748 278 113 938 476 692 268 219 367 250 276 765 152 234 595 844 455 546 474 492 274 999 889 976 454 815 101 960 838 931 210 249 242 323 119 343 382 382 351 657
830 480 954 899 657 118 704 941 210 554 777 200 488 235 407 532 605 226 977 972 524 136 507 351 385 930 745 558 610 439 358 331 365 863 424 327 689 675 208 389 553 307 621 480 724 165 339 184 189 674 814 107 945 935 199 743 291 829 738 655 348 245 412 555
887 115 660 764 218 647 854 106 774 499 745 632 775 536 222 394 311 562 244 912 796 747 220 578 615 722 175 911 611 101 916 345 167 699 774 893 463 691 681 389 279 673 573 668 386 512 295 946 722 334 796 244 874 715 667 177 470 320 174 254 466 158 624 442
605 475 208 941 473 737 279 158 788 418 407 981 691 846 590 835 178 281 972 649 835 906 674 131 844 498 835 430 710 585 674 856 581 267 343 550 347 960 321 672 508 533 383 362 604 145 381 517 268 554 730 827 306 278 355 114 989 160 101 243 169 502 139 232
480 994 128 856 887 180 564 868 745 817 586 113 895 846 212 847 992 961 487 800 971 764 894 974 951 621 533 139 304 220 725 847 372 812 287 912 373 125 255 365 134 649 384 649 515 783 284 880 276 160 607 269 777 120 944 632 688 720 502 138 282 702 772 585
646 914 664 303 782 361 440 680 584 765 748 604 692 587 949 255 165 820 543 226 442 678 127 831 103 897 376 896 832 249 701 914 181 965 197 700 163 337 369 161 521 802 717 516 861 356 300 546 436 787 872 983 338 810 642 963 658 151 736 856 104 259 548 712
686 726 515 247 828 532 739 712 349 157 308 218 143 208 858 648 609 672 197 614 330 776 685 587 926 891 192 752 118 321 290 566 137 478 987 548 296 879 593 289 443 279 516 924 810 411 197 471 140 982 509 472 740 400 788 571 305 633 877 408 132 905 913 437
313 682 495 245 835 395 371 396 134 152 418 316 337 127 977 464 874 730 162 920 221 850 927 331 588 785 738 178 769 815 320 399 418 807 109 932 277 498 881 567 536 865 651 950 616 969 324 303 466 882 707 129 840 897 362 320 328 856 476 696 658 546 561 908
146 154 341 583 182 539 412 635 945 259 253 231 283 436 570 346 674 837 639 907 573 799 673 878 352 485 378 343 817 392 923 636 689 593 594 570 406 506 435 146 309 191 981 242 306 443 364 327 551 983 714 337 855 657 195 411 101 838 134 554 649 865 434 375
850 419 393 955 541 637 646 207 562 653 519 258 408 200 914 774 596 924 304 761 859 325 440 549 838 624 979 110 272 273 643 953 859 439 491 870 348 167 301 889 917 523 640 936 329 166 234 782 799 815 377 950 724 533 320 666 193 381 577 923 941 907 864 163
558 531 569 930 189 420 643 171 402 372 341 458 616 874 310 928 272 559 128 977 879 419 916 147 521 587 734 814 441 931 299 523 967 225 333 380 657 569 902 250 691 205 297 430 580 524 840 351 701 397 136 520 453 220 837 205 222 236 912 854 496 176 389 705
971 706 679 253 602 384 262 177 496 186 723 353 741 892 714 868 771 272 471 613 894 298 772 909 108 546 149 950 835 214 144 785 399 981 208 876 875 278 756 913 431 192 826 608 382 546 652 314 765 221 771 651 894 779 800 844 766 498 799 930 870 768 425 334
109 394 157 659 153 583 156 458 443 289 844 916 536 751 720 208 174 745 788 964 931 390 934 857 643 802 941 675 199 273 702 941 559 545 260 919 675 406 598 528 410 212 498 883 913 132 209 104 680 472 340 976 594 407 269 843 403 747 780 884 119 754 342 877
643 711 599 921 371 550 398 704 503 709 841 223 525 600 302 451 119 426 488 441 869 299 759 888 686 980 100 737 859 213 539 186 899 655 238 897 590 821 359 735 595 839 260 344 804 218 919 559 652 149 618 720 379 339 545 396 431 216 482 123 747 813 402 919
549 857 588 699 885 428 208 362 665 237 857 480 353 103 926 460 597 275 352 682 897 883 159 207 545 290 932 550 386 123 215 659 872 650 764 714 221 452 900 241 501 413 280 549 245 340 114 293 416 263 202 583 922 395 518 823 536 415 102 503 838 405 381 256
675 642 753 323 933 119 623 328 994 292 634 953 189 850 687 629 819 223 883 620 231 784 960 169 438 287 310 815 737 318 675 359 890 184 750 478 768 675 715 342 552 479 733 422 101 535 890 660 551 354 813 784 690 713 842 300 448 982 542 901 337 429 583 935
476 260 428 784 636 335 762 852 411 979 279 122 952 272 744 156 506 589 969 284 107 994 529 138 487 221 179 420 644 189 529 515 951 616 295 903 705 767 796 663 175 672 885 234 173 817 929 356 720 915 157 957 892 986 218 587 156 310 835 968 587 612 394 473
767 792 318 126 572 572 589 864 236 121 815 623 462 832 867 366 693 660 823 828 646 382 655 249 880 117 962 843 428 165 704 502 346 810 260 641 983 171 761 822 105 905 748 175 457 966 767 759 497 611 638 241 536 251 939 507 177 459 491 150 522 682 276 483
682 903 579 393 550 176 984 507 683 939 709 865 900 650 379 698 409 994 384 777 497 655 587 939 493 202 692 185 781 157 389 595 473 806 303 176 339 790 160 642 241 285 243 290 269 830 426 684 137 786 902 317 330 736 471 892 330 410 530 148 383 991 738 531
357 471 812 235 567 574 998 676 769 810 509 759 492 417 683 283 884 972 717 884 213 350 131 285 445 445 721 594 752 643 699 445 566 469 377 162 103 872 262 235 235 883 557 730 946 474 600 607 936 902 672 604 826 725 203 532 923 143 640 962 351 112 626 851
170 267 567 405 878 843 285 453 675 624 362 535 231 511 448 427 332 753 151 881 574 106 861 763 875 341 909 597 480 149 867 571 295 479 410 997 171 464 640 700 269 501 347 757 637 131 977 849 263 601 497 795 271 951 709 537 661 288 489 140 511 643 870 468
181 327 392 683 523 933 434 858 774 227 374 420 360 799 485 741 574 937 289 892 939 261 860 368 779 669 426 526 396 193 711 933 769 757 388 813 854 257 348 225 604 442 316 415 999 406 359 719 593 761 779 237 913 554 529 489 737 814 386 116 196 609 854 850
300 895 308 381 849 478 921 604 201 488 382 412 274 852 392 491 593 491 986 747 130 968 142 593 379 153 714 993 327 886 996 534 393 939 786 316 944 357 414 425 330 900 221 630 622 971 344 293 688 479 724 259 389 929 983 566 991 237 397 721 504 725 437 248
938 928 344 895 841 127 466 332 791 361 986 352 667 420 410 741 575 636 533 515 932 805 768 492 677 406 160 170 327 744 997 959 650 786 483 756 992 385 303 647 680 461 336 355 970 693 612 720 703 256 722 711 540 221 897 560 773 998 964 920 794 501 301 362
558 514 734 623 494 914 763 692 195 809 637 726 942 253 289 587 564 657 163 572 612 778 348 449 402 738 836 273 520 313 344 485 418 506 572 286 567 941 343 311 486 616 187 936 634 983 840 614 755 461 214 238 604 761 842 454 367 266 776 271 220 910 170 666
348 810 173 417 525 540 817 115 179 435 989 622 574 462 897 534 355 259 736 207 898 772 463 862 747 155 490 607 107 477 953 622 578 359 691 380 782 799 166 467 509 858 293 403 521 886 987 853 354 340 711 618 959 118 499 673 291 781 385 802 543 379 859 313
403 775 597 119 266 645 256 353 857 918 183 125 465 379 257 996 572 353 667 368 910 534 106 271 680 761 624 155 800 195 747 818 961 324 754 669 582 949 961 186 407 659 682 929 363 426 152 368 553 367 100 632 744 707 210 290 913 659 472 460 704 945 137 777
386 435 530 356 241 551 150 261 204 803 875 460 870 728 977 171 399 922 828 712 612 317 620 712 264 544 954 122 434 560 799 158 325 474 786 927 901 278 299 981 800 735 628 843 384 760 167 537 934 320 391 686 971 183 885 837 656 700 828 553 239 691 673 330
692 886 284 822 709 189 173 501 433 409 318 800 640 211 450 957 155 977 617 936 404 259 716 200 377 111 560 700 523 601 535 572 765 602 101 561 131 942 522 968 427 441 618 781 854 954 820 933 197 344 594 965 220 631 230 629 219 556 652 603 345 110 299 678
172 350 174 496 141 575 775 760 934 711 162 573 366 635 890 657 181 267 772 767 826 851 783 942 714 873 211 967 194 286 121 373 402 488 759 353 947 691 582 467 634 786 663 379 323 315 966 378 788 602 244 212 226 101 220 520 314 420 980 188 614 789 863 455
494 505 603 456 111 322 203 679 784 592 528 753 787 664 833 895 139 181 181 563 954 421 823 850 528 480 888 458 723 540 732 741 900 273 453 890 282 556 710 851 646 598 921 397 293 414 419 689 389 491 253 226 917 234 564 360 225 356 844 768 378 585 832 576
423 778 120 986 802 320 267 777 660 871 259 338 814 448 564 683 856 511 591 486 872 211 397 592 287 209 797 681 585 207 500 366 915 156 506 921 104 694 239 566 556 833 647 856 736 981 591 632 521 586 516 225 265 439 459 440 196 364 440 667 483 708 339 751
186 815 444 301 327 341 345 529 857 916 933 901 326 909 589 304 904 643 577 348 595 988 281 554 493 467 383 842 654 504 566 874 476 893 472 273 652 109 838 812 497 815 233 483 413 277 620 929 190 398 684 384 593 183 883 974 229 118 903 830 530 568 570 316
958 913 488 714 858 334 924 477 164 461 490 809 103 450 241 986 190 388 464 833 837 787 535 808 602 416 530 237 477 616 487 548 108 312 627 901 229 130 333 207 180 657 237 208 652 145 310 117 624 332 294 164 989 733 321 969 856 800 433 484 829 650 449 818
339 469 328 627 384 201 234 555 820 976 166 102 131 590 713 820 973 593 255 946 202 832 318 317 798 315 480 787 884 568 797 591 502 588 628 546 310 988 323 638 441 996 559 387 611 446 130 964 768 755 255 132 292 594 278 272 525 793 690 897 535 649 924 661
864 448 127 774 784 927 895 524 213 282 706 951 983 504 518 544 112 453 757 253 346 199 154 945 198 163 711 424 260 749 533 519 869 141 853 411 783 746 633 136 549 952 949 227 251 413 619 650 155 564 903 900 904 739 707 815 308 967 674 596 715 267 983 248
998 610 703 104 290 266 396 684 720 287 989 830 844 363 285 216 596 580 805 282 484 681 812 378 533 347 618 460 425 945 415 468 423 828 395 633 739 686 257 558 931 226 824 362 472 303 313 597 349 142 919 988 349 648 830 649 763 397 528 250 406 346 194 812
411 393 446 360 910 574 877 509 307 583 701 745 597 755 442 843 273 820 886 126 261 726 639 926 503 634 430 507 391 757 107 427 865 753 290 652 290 615 919 647 454 801 545 429 948 289 976 541 143 170 992 777 380 722 105 775 356 449 323 399 844 254 985 233
684 833 954 731 841 309 254 374 410 808 695 258 368 785 452 731 958 876 127 536 107 960 158 373 696 868 515 263 187 580 630 549 543 757 980 693 931 154 857 380 962 375 561 945 358 133 514 156 675 477 414 920 704 918 699 869 726 673 442 725 369 622 617 757
260 771 123 539 129 235 139 557 277 588 123 908 145 953 260 445 380 100 747 295 231 129 381 296 448 261 841 429 684 198 145 404 198 609 467 298 938 154 707 394 784 294 771 583 374 621 493 209 664 223 470 414 351 645 276 456 695 809 873 166 886 577 216 690
870 343 740 805 512 441 639 621 431 203 582 576 338 577 411 576 852 680 784 249 933 868 716 369 407 341 716 356 638 129 131 898 364 714 824 767 478 916 436 742 210 560 341 413 344 486 368 243 766 109 381 255 268 690 600 644 982 541 449 393 820 322 117 445
635 854 461 406 509 116 473 546 593 821 708 306 711 659 104 611 377 330 602 986 226 127 608 826 880 802 907 570 735 308 750 499 210 379 395 357 962 639 896 551 400 715 883 200 469 590 369 376 482 954 763 827 986 722 626 546 696 687 656 362 757 731 589 676
134 290 351 138 487 843 330 848 153 313 529 812 664 509 901 227 152 899 928 634 439 888 691 953 649 951 981 116 906 702 281 154 702 705 711 452 497 617 916 344 483 121 835 441 230 621 121 229 382 699 378 212 860 555 827 640 471 152 145 557 171 187 432 154
196 243 718 999 334 652 750 373 704 621 236 263 681 628 137 130 345 691 254 566 497 297 105 497 275 375 478 922 885 211 154 254 423 922 616 342 630 289 210 405 137 998 134 762 115 281 918 490 486 320 368 625 906 530 123 154 439 358 829 561 529 580 719 774
681 626 248 963 103 685 945 702 173 144 537 395 418 384 952 336 302 635 341 109 140 857 243 593 938 694 139 487 563 474 443 741 485 413 105 837 322 819 740 603 376 781 683 301 100 899 323 789 491 939 685 132 608 507 664 503 838 114 510 603 783 705 767 316
799 442 963 571 355 654 878 720 760 853 909 814 418 935 505 163 703 486 784 723 959 750 910 937 256 171 920 269 800 205 312 863 891 649 292 520 449 927 519 437 320 739 186 303 780 766 330 906 195 551 916 806 959 397 171 526 149 436 527 888 183 314 143 785