180 347 293 455 475 237 809 393 127 848 103 516 307 306 652 743 767 897 567 128 663 590 470 311 444 402 544 477 152 511 196 320 527 274 622 396 583 537 512 391 620 133 261 410 930 563 608 649 858 965 539 258 653 847 234 171 596 352 583 668 616 100 421 654 385 893 414 986 334 105 484 642 319 695 812 805 203 981 610 280 202 945 625 199 839 786 968 156 891 939 373 177 677 928 143 249 690 846 514 965 895 347 590 109 755 922 737 564 422 271 818 626 232 538 343 504 704 992 229 982 591 969 638 415 829 631 886 212
588 727 662 831 676 605 945 963 627 741 980 154 447 407 116 546 677 519 394 930 570 288 256 504 516 838 817 866 921 387 819 804 916 627 774 924 880 646 200 450 150 344 412 118 489 890 593 555 372 917 953 272 971 910 108 403 247 923 968 719 926 202 819 596 173 617 169 352 233 507 326 989 294 775 566 702 994 643 932 138 808 896 453 912 261 642 829 871 761 922 833 571 423 915 608 393 469 908 785 607 341 755 851 558 567 759 844 850 920 696 909 438 245 194 367 790 877 335 917 205 898 133 496 483 794 468 225 718
383 460 231 495 987 418 966 737 328 711 824 508 296 549 157 481 151 954 194 796 375 715 327 596 592 603 692 732 909 215 377 840 156 857 956 987 321 304 163 998 549 505 418 445 348 383 402 646 221 888 364 853 478 245 689 275 701 124 576 926 103 402 410 109 828 522 824 983 876 341 889 984 973 808 244 935 112 824 809 876 958 680 844 483 806 451 532 763 424 400 209 332 609 330 965 221 901 226 610 144 942 752 133 819 121 383 434 604 278 274 703 317 146 118 196 393 950 780 653 173 215 627 250 249 107 313 221 918
709 902 908 531 129 395 209 247 827 262 687 963 339 337 465 330 360 183 395 732 461 385 246 444 692 711 879 643 837 922 157 721 552 671 908 779 847 331 673 756 347 473 532 338 270 677 884 395 443 886 180 844 446 807 933 731 994 468 709 155 447 777 905 517 753 787 790 984 808 693 704 680 461 357 251 783 653 597 289 741 810 805 402 657 119 278 988 636 200 254 799 582 508 696 681 989 687 297 806 580 440 307 268 683 625 223 278 371 346 703 400 128 730 425 375 585 651 258 225 849 800 906 166 138 530 507 465 718
602 783 984 672 586 154 524 594 672 875 166 510 275 645 535 164 104 768 896 453 588 418 262 804 681 927 491 679 784 270 650 300 702 110 445 535 704 556 391 330 375 621 898 716 415 174 395 855 563 303 141 628 766 975 592 283 781 673 463 487 260 538 808 132 711 652 374 177 142 124 797 551 330 554 637 304 941 226 637 311 820 215 231 185 429 883 766 299 736 127 428 920 981 830 510 195 686 792 450 414 748 230 807 377 547 404 619 627 225 730 964 110 376 360 365 544 742 209 807 598 438 769 226 507 973 748 700 117
582 827 872 891 639 208 202 867 716 669 351 428 967 873 675 961 420 666 262 926 367 533 742 325 427 542 768 295 144 171 908 566 242 313 733 989 624 192 359 587 236 106 346 876 181 722 637 181 415 205 795 535 900 865 264 814 178 813 936 147 146 145 146 197 460 656 710 907 170 541 283 626 735 109 352 854 132 747 879 727 735 904 509 364 623 440 965 253 989 536 851 212 233 943 293 507 551 228 168 717 653 395 981 163 428 504 574 975 533 230 144 493 772 803 556 396 543 225 809 972 571 194 245 413 225 390 633 539
286 406 649 320 850 254 514 953 917 404 339 117 556 547 110 655 944 131 390 655 258 531 904 636 839 606 253 902 415 983 296 305 170 676 288 541 788 569 900 904 574 256 857 173 266 360 490 774 807 981 392 260 112 525 810 422 484 333 630 934 527 551 331 881 962 251 526 480 711 554 234 382 842 170 890 425 276 240 286 886 527 808 631 869 672 185 172 105 426 153 519 194 925 370 266 650 123 469 637 888 964 457 492 430 540 163 115 213 374 203 665 296 240 825 863 307 218 720 291 196 878 875 198 260 615 125 212 534
920 247 521 124 912 684 690 608 461 247 516 765 861 624 431 612 341 990 604 665 730 129 981 404 979 210 808 669 680 937 114 441 767 649 592 701 643 525 354 306 498 395 227 984 202 557 134 468 347 303 377 159 342 121 612 304 265 381 215 499 168 131 716 861 417 460 849 621 832 753 317 965 337 934 226 542 722 126 803 835 984 522 144 879 640 184 556 171 268 167 239 143 874 393 692 177 902 783 970 108 542 318 732 977 296 512 979 181 906 163 863 821 800 178 242 871 942 484 323 772 610 318 922 182 889 239 787 357
307 594 240 324 831 435 477 435 822 586 580 259 121 268 529 773 805 134 112 547 653 894 607 312 934 276 190 490 521 399 243 370 537 372 684 780 523 514 924 352 721 984 582 362 482 848 942 147 639 172 404 294 104 197 672 152 206 538 471 523 662 669 390 428 164 308 359 518 157 763 910 649 897 668 565 195 523 631 709 144 281 715 513 453 180 419 955 810 633 242 639 844 335 450 778 220 841 165 731 753 624 517 277 502 629 472 882 809 914 232 522 328 374 654 229 789 341 587 664 785 717 257 154 971 899 346 549 949
457 102 149 601 853 914 857 867 146 598 907 326 770 884 979 950 104 453 489 512 569 588 482 768 169 558 276 944 471 380 621 434 588 187 924 561 997 646 653 202 585 224 783 484 310 131 658 667 470 334 434 860 799 774 722 755 344 207 160 820 320 637 197 537 835 162 381 766 134 736 254 913 267 693 215 773 596 825 791 141 886 224 918 579 227 909 644 447 615 649 626 746 747 939 306 733 593 767 645 460 948 710 704 699 719 683 765 781 360 200 270 404 491 219 585 612 562 299 669 641 431 851 244 916 927 204 919 325
127 790 960 457 738 519 705 204 802 755 916 708 250 595 776 961 832 315 377 702 840 390 134 850 810 118 643 108 592 514 280 364 171 767 996 705 530 837 337 575 731 364 979 132 175 754 314 318 554 633 264 602 876 741 649 953 495 350 651 725 417 225 653 403 694 414 734 684 444 416 804 504 117 264 405 716 105 126 942 535 592 181 474 408 375 613 533 692 219 844 400 187 943 497 595 772 873 918 377 666 595 634 962 156 599 843 835 717 439 897 364 173 364 924 785 990 324 831 288 467 481 894 398 964 125 778 557 951
365 925 203 641 489 225 370 518 280 444 866 417 148 263 495 440 188 184 770 515 205 435 917 161 726 353 833 896 296 345 919 222 566 748 950 412 941 546 999 497 772 362 619 721 837 243 409 279 426 104 957 795 453 334 132 409 956 352 726 225 905 685 315 616 858 629 614 607 399 899 550 230 161 345 194 364 335 826 373 138 945 405 501 272 251 893 200 938 412 135 871 635 663 367 461 265 445 999 999 419 988 404 913 867 896 141 357 411 980 846 864 764 458 107 888 146 762 749 285 376 650 858 528 162 727 298 308 330
940 505 998 678 585 286 120 219 689 762 120 383 600 486 942 539 192 651 230 807 320 759 955 174 816 276 588 880 183 265 183 813 644 323 244 888 380 757 873 412 114 144 254 141 216 436 864 828 265 236 276 894 654 536 697 751 704 453 170 449 733 460 793 497 621 987 400 280 712 882 777 885 380 583 538 914 471 799 543 884 503 608 694 276 626 727 944 395 283 541 902 121 465 261 582 602 875 553 714 679 181 602 551 772 437 673 912 376 195 749 434 601 500 630 708 229 711 716 576 129 172 813 648 909 825 292 854 488
995 432 845 992 832 259 516 774 450 686 503 297 122 434 428 904 921 497 646 741 638 402 458 923 299 500 128 744 852 490 740 508 515 213 739 142 380 597 270 354 445 571 998 149 159 737 860 254 463 660 797 570 709 258 483 266 759 822 399 793 542 694 873 270 768 843 115 320 355 145 252 369 874 463 326 131 360 833 731 652 696 454 880 749 817 736 346 217 418 454 975 514 827 332 864 784 152 342 873 937 228 257 228 145 163 992 123 317 838 152 231 188 624 451 565 209 229 899 903 625 424 154 173 765 625 153 252 435
570 594 938 780 537 907 179 720 445 204 224 566 947 506 503 943 327 986 271 840 785 883 113 277 348 887 160 551 329 757 803 527 792 325 147 854 986 842 813 591 147 179 640 429 248 176 160 755 770 172 531 523 280 518 358 648 438 178 106 635 896 232 636 965 619 220 542 358 756 630 407 920 588 966 913 810 141 370 130 187 175 912 643 127 643 723 916 388 572 982 900 373 110 104 535 546 189 504 908 360 810 821 595 273 521 386 645 697 116 204 954 802 242 200 327 681 466 258 695 944 243 602 494 484 269 897 670 925
136 892 769 923 605 329 425 623 979 736 962 830 926 836 328 420 105 601 159 966 984 218 458 244 944 981 133 160 820 889 581 562 371 960 577 525 661 560 775 793 505 594 432 623 628 370 106 987 167 399 284 249 704 251 783 620 666 563 361 676 442 958 449 525 997 443 791 936 215 261 285 364 526 537 830 410 139 471 182 133 330 788 996 165 640 746 278 530 255 719 838 938 980 185 580 806 270 806 930 473 283 832 670 415 924 120 656 203 217 131 334 544 132 233 622 878 869 403 823 688 439 352 944 746 513 731 237 321
450 724 594 877 473 486 416 712 928 736 713 341 819 720 297 208 336 498 911 788 636 719 377 867 519 268 743 816 330 162 106 399 168 317 637 206 193 221 433 171 394 817 927 944 241 247 471 428 760 477 539 538 129 249 888 100 784 678 397 956 612 301 455 406 881 909 526 224 459 291 217 726 157 633 459 245 970 745 871 516 536 471 217 177 377 341 707 637 822 511 111 638 393 250 875 764 503 400 434 149 108 529 756 243 228 671 811 807 910 926 218 877 220 703 168 377 914 988 285 353 844 968 348 606 108 107 829 778
984 265 179 424 815 370 735 177 260 405 241 772 965 774 928 378 501 203 871 439 835 147 358 422 431 376 608 557 484 459 111 984 298 442 636 891 937 166 638 257 496 472 924 326 152 258 247 569 431 418 593 768 112 727 508 519 367 292 266 349 664 793 391 379 920 374 524 108 983 920 529 133 854 376 479 134 605 704 299 153 796 824 297 862 269 148 753 619 939 735 565 741 180 395 888 254 584 339 291 362 700 244 640 597 352 803 439 342 854 274 826 143 553 503 713 342 454 896 892 396 763 828 442 966 395 656 864 835
323 950 169 288 517 912 520 389 987 631 520 887 510 530 276 871 106 961 493 984 872 332 358 714 786 380 980 832 899 891 721 451 756 865 828 354 176 450 710 160 307 354 105 865 111 134 102 446 140 725 574 180 412 584 597 794 430 695 375 151 240 806 154 820 929 460 814 864 197 490 878 651 665 397 403 182 695 972 291 580 816 713 666 212 115 143 331 233 725 854 990 393 457 206 716 771 351 959 710 225 942 681 481 467 660 635 992 688 254 602 520 495 302 269 809 572 409 554 701 583 719 183 736 233 463 802 115 865
290 699 887 491 957 382 406 731 837 841 499 970 770 168 527 593 770 134 282 702 433 603 656 983 433 558 658 187 715 643 386 569 209 381 474 326 789 131 326 641 136 292 823 747 760 381 344 866 516 112 610 873 574 768 279 934 665 900 514 451 328 983 790 173 244 488 917 698 256 194 303 371 725 376 597 638 217 838 749 439 909 223 251 505 365 841 463 198 535 899 210 849 112 901 556 211 667 994 804 143 571 139 105 973 369 709 848 401 823 228 942 160 472 592 932 260 912 420 458 351 910 555 842 254 280 330 979 206
893 726 918 779 134 952 142 436 418 660 272 174 990 970 364 792 495 131 503 741 174 206 510 526 193 910 375 319 953 411 732 393 308 332 403 325 139 454 664 963 410 163 362 249 181 641 729 896 912 278 221 883 925 530 807 623 432 773 444 425 952 609 744 994 139 926 564 207 469 881 763 272 316 636 400 902 160 714 675 136 805 430 599 535 908 670 831 218 322 200 637 451 506 799 131 897 815 190 415 566 494 562 725 952 382 404 715 419 847 704 350 190 330 816 402 958 585 238 741 475 420 871 232 937 397 401 933 801
113 157 217 286 548 558 758 676 271 247 809 721 525 597 450 347 419 474 599 931 426 557 429 532 656 367 936 272 516 809 321 663 259 677 864 937 367 612 446 877 273 191 603 537 758 701 233 780 179 896 176 409 526 991 586 124 250 700 442 351 220 487 123 699 538 435 870 771 105 285 454 722 103 144 829 564 680 256 735 459 877 523 102 133 642 266 254 353 916 699 696 563 853 377 308 999 564 216 642 876 312 830 426 464 103 681 749 265 981 478 445 297 851 942 553 101 290 552 518 491 666 364 206 838 865 933 730 445
479 616 271 674 209 969 649 355 190 388 434 958 979 688 685 527 608 729 920 686 907 331 258 550 509 531 926 393 123 939 793 967 523 906 632 658 342 466 771 882 804 864 847 688 287 954 936 835 914 687 954 514 799 939 605 235 559 393 709 789 836 508 650 503 822 440 471 186 784 749 975 463 596 965 132 115 155 222 658 803 814 559 729 356 913 928 124 126 133 624 917 784 836 365 502 916 223 748 735 540 659 178 627 745 298 330 643 344 343 783 486 986 943 185 742 485 129 444 557 217 499 572 509 584 841 712 708 598
581 469 437 219 982 422 956 769 346 834 515 822 165 535 521 471 182 294 960 510 809 552 534 427 575 628 523 334 688 260 718 967 833 162 477 174 622 255 208 680 293 718 698 716 840 169 739 234 482 334 135 244 189 492 818 519 512 756 604 617 263 263 715 987 420 500 553 752 706 291 731 466 118 371 843 258 289 594 735 775 446 717 395 218 144 308 371 550 568 219 653 834 323 986 397 112 411 786 910 373 505 630 496 473 662 700 954 688 318 550 967 468 373 960 851 474 260 525 959 636 790 329 460 126 661 216 138 223
852 698 778 525 467 271 721 290 942 562 936 346 565 551 833 106 224 162 348 802 313 428 125 434 857 751 960 970 543 877 175 661 392 148 193 420 388 681 421 402 189 272 719 893 376 273 192 330 933 876 871 797 817 699 446 621 431 699 877 325 249 576 318 983 221 937 200 160 209 407 602 854 892 756 152 404 218 337 478 794 287 395 386 676 562 622 785 310 846 809 888 186 761 704 840 125 764 963 407 636 705 345 764 135 820 516 679 462 126 944 905 768 707 649 915 199 267 357 709 734 616 331 378 734 860 309 589 917
596 833 492 780 206 509 233 625 639 121 950 295 722 310 732 930 402 798 859 410 267 807 883 421 762 662 801 889 692 932 167 629 988 799 582 554 676 768 500 367 950 651 804 275 791 641 124 888 988 397 133 116 414 530 764 974 271 894 738 469 813 399 613 727 527 514 797 623 703 507 180 713 135 982 733 700 433 423 744 820 297 463 648 235 930 268 170 207 103 980 907 874 816 387 284 583 263 995 683 270 459 523 598 983 137 996 918 825 934 898 337 232 765 355 172 570 376 814 131 592 475 735 676 384 833 213 434 172
900 920 392 230 587 995 777 893 563 741 862 794 361 783 129 495 828 685 485 819 287 977 692 303 117 674 449 610 502 530 738 886 578 871 521 345 964 343 504 828 742 823 381 794 367 100 710 913 779 133 457 669 739 757 258 838 620 690 716 181 631 866 526 225 808 593 686 660 173 891 763 163 949 402 559 739 761 796 834 611 449 167 275 601 656 151 818 713 448 634 500 765 437 145 400 944 986 191 103 776 704 920 643 432 673 801 380 290 706 995 571 214 166 608 274 636 742 734 872 435 515 945 968 885 656 528 876 148
643 731 313 399 538 223 312 141 590 704 659 866 420 173 171 838 496 952 158 405 659 465 505 496 898 171 974 851 618 273 667 290 828 700 904 664 315 903 465 196 353 234 550 591 477 197 466 241 550 154 157 975 204 283 548 110 800 125 680 714 405 830 790 430 221 557 324 563 550 518 523 712 690 725 840 564 966 336 199 339 829 896 667 994 264 718 177 201 142 934 835 624 771 152 946 754 486 353 291 951 326 520 765 635 950 242 768 760 256 504 198 802 142 446 732 421 175 418 218 399 786 853 772 464 547 956 956 347
967 522 333 655 197 895 132 580 749 129 855 343 616 330 469 904 649 325 171 711 455 130 853 871 244 220 980 394 866 906 654 945 856 394 674 237 907 875 845 635 203 915 932 123 108 416 115 575 464 105 516 518 147 208 956 501 570 108 491 520 863 837 529 864 603 306 230 935 250 334 538 649 550 800 563 316 512 644 821 157 229 792 869 866 844 911 670 820 919 442 885 446 270 485 701 643 988 159 717 766 520 605 298 411 582 281 715 866 323 809 377 157 108 521 482 937 816 444 332 504 662 668 623 922 593 355 564 404
731 335 374 278 413 373 595 231 358 810 140 418 482 235 677 725 824 526 830 987 794 346 484 787 223 665 307 882 419 222 525 594 310 761 571 792 100 668 970 849 273 878 365 339 314 257 770 998 935 937 410 250 864 256 403 184 148 209 647 573 908 180 910 937 595 333 705 728 686 603 666 323 311 770 567 118 548 493 960 365 429 985 209 701 665 395 162 794 751 131 863 795 432 268 196 451 404 606 383 377 172 340 163 469 677 833 503 951 241 215 638 635 400 649 493 849 453 750 425 832 151 383 951 813 762 799 257 345
965 330 890 194 751 129 632 650 914 138 306 756 911 560 762 555 211 875 149 188 840 240 164 459 965 361 476 246 573 700 234 745 827 247 635 268 407 531 405 982 435 543 765 267 753 228 804 198 315 919 716 742 730 663 447 300 766 265 791 984 399 836 963 511 733 171 834 810 549 644 370 301 713 790 799 815 175 235 369 992 575 200 933 333 498 422 968 822 694 826 109 827 147 381 401 698 850 880 933 106 938 852 556 545 382 808 408 428 742 112 656 737 616 427 552 727 849 352 884 694 401 137 269 930 674 584 677 123
596 144 483 720 302 531 911 748 779 689 303 110 990 521 101 812 420 957 948 248 715 710 816 536 233 464 463 532 466 278 154 185 449 376 645 304 835 907 171 171 883 153 790 983 219 777 601 492 353 898 858 623 150 186 664 244 400 689 391 665 280 105 675 458 317 326 502 545 108 974 792 883 338 461 822 430 995 562 211 531 708 995 820 814 945 478 359 204 815 984 243 259 213 805 935 530 435 486 271 502 132 512 157 333 615 355 948 599 262 451 269 901 817 134 868 982 476 781 574 430 345 785 466 133 403 223 567 144
133 593 509 546 218 265 258 533 663 182 323 257 787 588 345 652 401 122 530 718 820 937 938 478 835 244 629 353 303 374 223 870 679 991 881 406 216 468 389 391 517 543 585 677 217 133 654 967 284 100 572 462 911 795 928 837 599 398 649 773 100 969 954 669 365 461 397 527 886 152 245 456 830 281 753 279 589 327 148 683 288 467 285 666 418 300 672 821 275 395 686 246 218 692 913 624 956 258 724 943 472 605 271 303 620 150 422 952 708 889 214 288 740 201 775 950 795 655 972 216 402 453 362 171 993 822 849 583
192 807 313 530 577 361 296 576 345 804 999 964 332 680 820 819 545 654 406 928 638 238 291 594 756 546 671 411 323 592 650 529 209 184 963 141 470 621 178 900 813 768 589 970 521 961 203 615 545 394 479 958 391 170 474 705 702 320 195 627 366 496 681 347 447 160 485 395 338 668 718 111 711 674 828 999 887 626 734 244 470 158 654 521 929 498 449 906 298 869 807 526 658 193 787 315 515 985 932 829 257 841 812 786 690 328 403 790 386 646 963 327 765 518 671 764 949 257 386 123 351 318 953 546 549 585 411 279
266 349 569 813 468 964 199 848 327 362 133 103 923 705 390 459 285 424 153 231 585 355 499 864 856 963 990 343 165 477 859 391 752 695 138 852 202 387 669 717 437 483 773 962 814 233 202 536 941 593 839 954 473 248 228 472 136 414 387 913 558 851 652 955 290 203 642 602 506 750 148 616 466 638 222 450 938 431 128 885 607 175 138 924 200 634 210 380 925 767 968 167 512 688 214 678 758 516 207 576 342 666 747 184 359 301 539 874 501 787 339 460 429 998 196 601 870 636 606 254 771 991 704 382 297 421 700 806
922 859 576 178 276 890 885 866 499 774 777 481 221 801 110 854 699 667 955 465 591 163 744 108 183 866 648 519 632 545 764 449 425 724 243 753 656 838 517 885 385 988 484 111 843 832 801 108 900 408 624 110 878 461 565 498 998 907 764 547 393 537 565 405 697 398 459 254 565 164 982 847 300 138 270 384 535 560 822 981 979 176 595 635 941 412 170 384 298 858 458 340 518 940 444 261 137 199 724 820 350 526 469 731 226 740 273 898 948 430 342 396 659 109 659 449 187 380 691 158 630 348 228 525 300 765 468 911
798 483 598 426 327 124 820 491 905 269 778 120 519 367 969 187 576 169 601 197 704 859 461 466 540 405 375 830 258 945 677 127 585 471 493 966 752 450 612 188 850 131 743 771 303 826 117 414 964 951 650 205 504 494 962 654 972 562 765 384 585 381 246 404 145 907 630 356 898 895 804 390 588 356 955 428 422 211 770 913 618 474 642 907 413 995 641 419 951 252 346 398 629 922 817 630 722 187 226 951 737 619 561 483 515 672 710 501 414 112 209 479 245 992 568 894 593 307 468 885 641 603 844 861 227 459 333 242
636 941 595 960 595 893 194 387 106 521 633 414 855 651 305 212 582 812 465 581 146 676 238 625 686 856 635 484 344 611 572 729 170 506 534 398 808 940 271 677 813 363 802 243 300 747 444 346 661 729 937 769 223 947 997 777 590 618 720 673 157 994 869 343 520 789 489 885 429 677 831 704 406 976 746 886 349 430 256 592 701 483 801 301 391 107 722 712 613 751 601 680 331 504 833 365 119 151 746 509 207 453 782 598 278 899 418 617 970 735 841 947 940 473 397 210 592 230 521 715 595 154 750 683 977 692 401 207
925 413 190 540 150 769 321 707 361 955 517 557 392 654 564 436 216 424 878 295 713 690 473 715 999 299 515 725 595 707 655 511 323 630 474 538 575 444 530 332 934 822 890 808 812 373 517 647 783 820 949 334 359 260 463 286 272 284 701 640 729 849 273 399 420 447 142 626 583 527 101 789 399 423 437 867 443 745 916 445 847 122 328 433 337 388 943 469 583 489 388 816 710 659 980 664 701 224 566 387 872 322 338 934 436 589 912 811 419 798 805 782 642 510 239 963 747 829 356 254 814 203 387 374 114 135 179 744
641 359 189 240 316 731 543 753 370 864 102 164 316 337 749 663 967 227 534 174 828 553 211 632 654 801 887 764 481 218 802 378 492 102 781 717 756 516 567 469 460 599 911 583 104 986 932 480 739 680 420 588 246 119 446 947 842 273 282 628 529 896 471 861 678 470 625 982 580 594 803 111 428 970 877 558 690 923 445 863 140 434 609 919 454 127 474 561 691 389 580 546 788 288 194 964 883 591 305 954 974 260 810 100 694 169 264 933 443 920 997 685 838 569 910 494 420 450 569 135 712 353 736 408 894 487 147 592
954 538 315 249 402 757 380 229 686 187 738 401 815 822 654 563 742 824 668 257 730 909 138 793 324 811 581 268 733 515 596 466 125 964 174 922 736 444 114 366 337 710 745 674 585 626 115 158 125 144 171 737 886 878 791 682 793 871 785 146 428 868 105 753 429 796 444 946 684 833 906 715 863 114 464 145 243 716 165 464 684 814 846 935 341 890 484 348 507 407 720 957 393 309 947 776 445 407 489 178 998 638 998 218 858 357 548 964 541 258 877 531 197 781 193 311 910 677 817 140 290 990 354 601 902 427 803 757
307 841 882 853 601 283 446 937 709 911 596 670 676 924 732 325 744 382 870 238 213 721 471 980 301 919 499 316 138 362 915 885 598 227 892 215 537 606 291 291 221 454 267 522 752 965 639 630 660 434 579 955 376 657 523 765 397 621 158 804 537 487 311 996 941 300 958 390 424 476 354 250 101 933 892 506 398 244 216 864 766 217 337 164 720 183 712 783 486 816 370 386 697 391 514 480 525 834 172 233 455 941 931 219 690 716 932 986 908 961 723 662 965 103 252 510 145 497 117 484 897 230 657 419 800 427 899 975
244 962 709 988 823 647 267 761 469 860 491 731 513 792 103 366 954 345 835 644 490 362 532 448 406 587 966 710 265 346 300 436 483 312 328 950 344 653 150 618 113 428 232 727 931 344 457 870 521 880 156 221 807 384 480 641 438 404 527 594 731 762 406 177 898 336 655 603 669 626 173 552 989 666 997 353 726 312 346 614 993 332 779 959 951 742 379 699 792 507 858 578 841 468 411 230 127 476 990 723 759 369 723 897 709 587 578 861 511 505 926 194 986 104 822 809 573 427 785 742 147 781 180 181 207 713 919 572
471 311 865 851 701 818 660 824 379 684 287 359 176 686 467 508 947 984 917 686 644 820 719 995 867 575 376 850 261 154 641 423 552 299 228 253 484 866 375 503 977 136 553 442 884 960 496 260 936 114 929 867 193 162 803 293 958 339 361 210 185 166 378 775 476 128 583 910 628 347 766 380 701 467 310 365 823 625 226 178 154 351 645 885 836 521 340 891 656 703 576 316 959 166 637 805 522 110 519 413 856 962 272 931 342 460 723 295 832 186 844 158 361 538 936 834 723 242 431 189 473 731 323 452 422 125 470 819
754 563 437 148 675 971 978 730 414 309 388 102 273 538 824 336 853 576 533 440 382 344 576 582 682 532 752 791 204 716 606 217 758 320 336 356 112 156 177 434 335 801 372 708 278 385 679 889 313 928 149 713 163 580 739 360 688 920 600 199 658 980 380 489 348 418 813 326 190 886 998 231 497 318 375 685 408 534 537 134 368 583 798 661 399 995 661 692 461 216 780 787 765 119 967 904 691 382 317 133 162 142 940 268 782 777 131 645 972 898 406 983 323 908 386 560 325 296 590 506 945 526 688 291 308 631 621 422
105 647 123 567 550 184 355 973 637 984 588 454 446 917 918 549 758 352 884 324 215 529 494 433 266 463 838 203 618 383 463 668 261 199 473 293 874 941 625 943 933 665 409 427 135 770 356 985 950 811 698 603 752 861 177 906 640 954 228 438 157 378 281 420 735 279 232 801 533 464 248 804 360 459 985 630 677 671 311 101 815 257 389 834 657 469 411 592 516 634 522 557 677 121 470 286 351 803 113 351 276 934 165 234 574 521 870 501 389 288 646 175 753 243 678 726 252 896 675 760 388 672 209 643 761 570 380 835
351 568 153 657 231 869 393 199 268 289 640 726 844 483 416 745 813 508 952 320 552 854 552 200 939 925 503 600 359 428 952 200 556 548 939 463 933 465 420 718 661 757 937 765 302 145 910 420 700 679 959 218 373 677 762 784 310 150 754 794 786 309 369 233 468 561 942 129 388 550 467 121 788 915 678 195 143 644 728 350 982 597 846 953 851 993 689 743 788 608 819 738 653 753 228 228 817 778 738 252 655 484 657 332 355 676 195 545 534 969 995 289 658 391 919 187 568 117 100 407 808 798 182 596 923 175 976 903
409 936 852 901 925 790 952 598 209 145 548 172 612 655 670 145 679 712 961 925 211 906 252 293 628 964 902 603 734 561 202 615 309 244 295 626 578 414 211 979 953 827 710 114 438 705 355 349 579 664 618 714 622 478 989 441 885 208 684 372 592 293 448 193 308 740 388 772 299 773 274 502 465 243 608 140 330 863 750 917 852 859 891 525 203 452 215 642 281 614 252 384 746 177 549 610 948 815 741 558 197 270 811 976 143 299 123 195 303 395 937 220 644 726 161 822 213 220 288 777 710 713 712 828 109 550 305 247
216 591 327 232 873 593 628 768 386 802 618 747 765 116 171 191 302 945 518 440 417 307 196 874 315 576 894 732 526 498 635 166 852 311 868 722 775 484 931 443 229 907 674 276 852 598 253 568 870 343 516 456 629 853 731 281 640 401 483 678 539 161 902 729 628 295 594 916 463 282 762 230 127 520 544 401 156 242 651 653 497 249 128 214 519 875 903 274 797 222 687 583 971 824 223 145 172 679 563 584 901 201 337 646 323 782 535 517 822 763 149 323 373 923 577 855 463 472 282 255 183 238 439 223 777 210 403 909
778 985 357 815 750 143 906 610 620 537 460 952 801 821 102 715 792 286 726 538 520 172 562 338 434 543 430 806 235 816 472 805 953 917 895 285 877 415 379 821 217 955 378 490 562 182 516 973 118 397 100 511 880 123 682 459 851 773 801 419 792 643 761 723 398 118 723 500 922 379 551 666 294 445 464 983 501 409 374 938 846 434 210 272 562 178 499 752 537 129 613 336 646 385 873 245 803 109 398 465 163 645 510 145 597 987 384 304 504 422 733 123 860 265 866 133 305 701 139 627 491 129 870 751 644 469 972 317
581 137 290 256 397 616 718 277 569 702 685 329 447 649 259 669 594 460 455 883 627 693 559 410 234 975 573 212 453 174 691 736 101 500 370 731 763 520 790 146 547 704 997 278 942 370 796 362 913 167 447 764 119 338 321 414 172 595 176 312 106 769 607 666 882 329 451 131 122 581 905 888 677 754 856 321 741 896 139 981 707 504 998 413 474 175 623 900 943 956 820 968 360 256 237 580 684 943 165 639 873 335 926 783 444 675 772 764 223 962 947 721 393 997 927 740 282 512 831 520 795 881 108 624 902 824 597 964
563 957 803 984 771 873 977 773 928 147 172 440 574 964 724 322 288 986 911 232 301 208 462 651 560 355 264 527 126 576 247 716 443 682 493 879 844 668 847 295 536 271 379 604 325 563 407 372 568 800 382 692 269 788 831 968 570 134 991 328 700 941 312 303 454 953 478 469 966 957 161 649 633 922 151 327 876 411 630 439 203 158 247 260 951 912 775 398 454 290 267 822 982 368 568 504 386 933 454 953 861 964 740 220 752 152 407 881 134 223 704 853 509 560 193 704 636 434 420 621 752 991 123 252 447 880 305 295
319 649 882 457 988 730 711 143 451 187 572 788 886 877 184 207 338 922 798 591 812 892 854 774 981 381 778 379 592 633 376 711 979 519 767 564 259 126 825 665 312 125 723 978 782 429 373 443 439 513 269 352 694 942 536 792 963 464 786 293 945 131 448 470 648 657 609 397 140 761 592 827 176 932 847 760 290 164 940 601 872 288 201 646 304 696 533 343 425 588 907 240 775 346 371 702 274 450 328 677 375 954 502 774 670 563 918 239 505 758 276 335 695 170 500 312 533 563 144 962 923 350 284 142 247 897 588 271
647 898 201 960 733 942 413 975 381 493 628 243 353 138 892 786 348 206 889 264 382 167 828 260 603 768 200 909 564 687 188 805 197 381 986 273 368 151 882 345 472 714 836 121 453 919 564 397 297 788 950 223 482 191 965 727 826 505 523 488 639 933 430 171 745 353 973 584 832 748 125 412 118 403 136 776 228 401 392 575 511 413 379 586 897 682 254 839 509 293 944 727 736 975 848 600 287 217 402 697 699 513 917 840 854 537 406 643 476 954 785 402 911 539 387 638 162 762 540 175 596 301 909 662 235 286 189 669
276 477 735 461 132 663 805 956 122 930 212 826 402 977 117 618 925 791 564 899 351 769 282 267 905 883 476 427 151 508 669 441 949 478 363 847 965 305 921 240 163 979 819 915 419 945 359 831 304 545 475 990 757 732 351 862 691 710 656 329 858 576 223 926 317 774 211 886 332 809 661 855 983 736 363 919 144 327 495 157 147 931 417 114 122 923 926 135 814 595 754 979 240 410 278 347 222 834 326 975 611 872 849 766 950 945 633 736 734 823 210 556 833 925 510 847 124 761 110 393 421 972 787 104 109 160 542 618
833 377 292 938 181 366 103 252 653 351 997 702 880 647 157 959 514 149 569 837 649 207 958 771 665 230 961 910 767 427 514 756 373 587 926 151 963 801 550 954 351 392 947 226 507 854 964 731 368 395 876 607 736 587 179 186 201 835 137 469 389 666 712 380 204 297 694 424 830 478 208 476 539 184 333 353 228 734 498 757 444 521 846 976 893 731 892 811 354 210 395 535 570 427 522 743 857 247 461 634 661 384 734 513 649 204 244 144 938 837 562 879 284 766 960 693 514 916 303 474 670 449 917 399 760 754 443 119
428 859 712 313 869 416 203 763 335 458 346 847 674 726 489 519 646 645 831 865 696 672 643 576 890 500 688 918 227 158 696 285 547 872 455 169 272 880 494 506 966 167 298 438 991 767 250 514 842 342 138 717 881 174 849 244 162 604 669 419 450 779 742 590 320 807 618 218 605 185 465 961 347 718 597 642 643 258 488 916 982 909 738 359 420 107 517 664 812 211 532 458 337 483 858 673 237 587 878 158 954 111 877 969 542 129 910 472 462 833 391 409 643 260 903 358 744 466 987 349 419 184 854 316 828 601 559 961
796 939 169 926 197 617 817 969 817 634 177 262 577 139 499 642 936 428 652 683 187 240 233 405 822 142 992 265 349 389 279 191 276 666 497 360 826 335 201 915 733 444 614 933 739 655 751 925 483 856 469 147 816 913 543 282 602 528 141 174 306 258 559 446 885 107 199 996 789 537 404 236 526 912 875 677 206 526 412 923 999 365 529 571 927 753 299 608 192 529 391 523 647 406 705 176 710 161 487 556 755 738 653 141 854 975 813 789 316 692 230 276 629 641 757 523 892 556 177 606 279 794 329 303 567 632 649 220
147 966 821 454 159 682 612 160 291 298 465 215 363 916 812 797 536 788 745 737 615 643 273 428 246 189 637 710 687 478 893 860 207 900 849 881 883 695 168 623 488 939 639 371 527 147 110 260 418 944 491 755 495 502 989 764 409 329 433 616 898 338 815 898 904 332 954 391 429 488 946 535 655 476 745 261 981 587 141 748 825 609 951 943 983 164 516 127 531 984 636 179 431 615 879 768 599 642 343 304 652 757 202 334 955 365 928 236 978 604 169 727 489 824 787 433 103 865 402 696 249 311 889 120 610 585 806 768
615 244 638 840 296 849 730 237 175 279 695 732 144 836 643 476 919 492 391 180 881 616 366 583 372 519 709 423 702 691 131 431 572 684 390 975 271 373 503 650 507 175 194 732 622 599 462 938 548 820 404 685 527 256 227 721 972 393 201 132 608 300 379 656 795 241 582 480 910 200 338 386 377 289 385 715 836 214 983 413 882 433 389 687 591 809 364 760 546 527 177 540 751 492 470 874 888 765 886 675 503 330 983 147 302 895 961 717 229 355 836 748 460 796 905 860 184 210 116 350 265 425 740 797 139 341 818 280
515 289 641 586 105 729 154 490 837 994 792 485 884 908 861 243 121 175 354 351 867 834 720 241 234 777 303 432 775 239 572 392 463 885 650 239 232 445 229 982 625 629 345 936 914 575 991 965 989 424 445 529 405 376 854 412 570 438 352 992 948 681 693 829 283 837 891 888 777 192 894 271 244 666 922 694 516 531 336 384 335 125 697 417 717 645 811 393 261 730 933 260 989 395 140 852 997 763 935 307 355 107 619 407 922 866 463 193 953 771 208 831 636 882 907 734 695 715 316 837 330 228 619 969 358 547 485 141
603 933 412 466 956 785 988 140 814 339 713 793 830 453 978 980 156 768 841 533 978 236 225 581 218 677 551 674 749 114 323 223 724 784 567 624 636 123 378 635 416 382 332 721 327 320 619 733 231 828 492 695 411 827 590 633 344 873 518 605 748 229 975 318 206 923 198 700 622 204 759 114 878 171 704 992 206 723 494 584 532 431 538 693 641 910 849 978 545 715 943 908 953 167 407 511 701 141 641 650 113 266 674 428 453 984 928 742 287 459 509 582 483 174 444 915 635 157 208 892 848 160 550 418 183 107 524 893
786 587 128 886 373 510 593 484 241 492 618 464 796 209 661 830 923 176 490 531 922 901 237 401 795 489 960 867 670 846 732 283 853 559 431 939 195 520 676 645 119 603 105 261 216 980 774 970 453 477 289 933 823 355 299 424 272 231 357 636 701 875 541 527 254 253 617 395 209 909 712 295 120 252 966 415 898 447 300 407 245 397 156 410 876 508 102 858 428 105 681 708 251 621 113 347 323 505 785 609 456 151 125 169 379 760 475 428 548 383 726 876 399 476 628 998 627 670 474 124 595 827 370 742 611 315 591 950
199 186 734 244 113 694 412 508 566 791 637 316 927 361 310 673 669 311 457 522 894 348 916 207 242 231 905 212 581 576 391 473 910 582 384 558 516 716 568 883 425 620 193 718 204 745 558 139 882 983 243 477 150 471 782 670 839 428 705 198 455 516 344 327 100 685 705 197 226 360 559 234 794 986 585 608 778 299 552 188 283 416 421 639 576 104 621 437 156 584 583 914 214 632 397 714 806 868 666 909 520 652 395 901 321 117 129 887 372 211 373 407 447 310 533 975 344 320 488 280 104 570 257 630 743 497 732 802
273 581 441 321 338 475 731 508 640 960 908 978 542 427 206 992 705 179 828 223 175 309 865 218 207 814 476 617 878 405 900 875 966 344 659 659 683 639 835 582 212 311 794 447 111 822 811 918 638 698 608 440 450 608 932 430 797 351 318 777 702 785 883 663 115 600 808 305 284 587 321 708 842 909 824 862 257 113 265 781 978 676 715 259 125 659 673 604 634 230 271 919 180 421 388 223 449 634 351 214 422 385 135 906 455 206 527 725 137 578 716 707 412 191 348 268 204 500 848 265 564 767 865 174 852 973 691 844
549 583 101 313 835 943 262 557 519 879 141 549 628 832 481 104 785 904 125 730 168 618 293 728 330 726 112 766 842 490 454 601 980 299 756 286 844 529 225 290 665 809 896 164 640 212 267 684 366 770 315 204 228 223 933 456 758 747 682 407 672 631 498 742 539 970 875 509 939 363 246 503 511 157 602 566 525 777 141 769 852 778 969 661 534 952 996 511 167 548 924 617 711 655 104 762 884 876 160 134 666 243 216 457 638 180 648 108 736 201 275 281 612 106 572 251 269 355 322 682 968 494 895 892 168 937 384 224
106 448 627 583 580 907 771 990 674 903 477 658 267 159 511 374 940 708 293 472 774 811 905 765 498 254 411 342 316 440 284 417 167 286 793 175 794 125 228 764 384 261 957 403 307 773 918 939 501 394 876 234 533 318 506 806 815 167 879 589 503 635 769 196 626 667 704 691 776 900 333 659 504 801 262 263 856 483 978 576 975 676 736 252 757 120 547 400 414 465 110 578 241 128 864 154 122 367 110 727 953 217 814 389 715 352 929 192 197 723 880 731 669 603 477 960 523 833 328 810 487 111 995 155 627 276 168 941
572 207 516 402 874 628 575 643 617 621 823 136 755 532 294 274 346 777 602 951 598 534 582 175 917 972 544 924 821 584 645 834 528 870 697 385 904 758 828 926 619 336 247 224 602 527 479 566 675 707 979 599 590 610 447 443 330 785 738 113 131 272 718 577 413 171 679 764 863 879 239 300 102 574 705 672 989 700 817 630 591 222 947 364 371 117 964 580 124 861 397 122 618 825 511 514 165 168 837 792 905 314 759 165 615 417 750 901 398 988 122 999 534 683 486 528 308 748 594 603 187 685 618 866 495 925 625 676
928 830 678 302 500 929 765 799 815 368 322 707 241 898 984 651 832 397 164 519 660 331 224 139 642 444 353 238 217 619 439 409 229 132 808 336 308 898 402 249 935 931 665 633 284 693 109 419 389 558 114 344 855 126 414 455 161 579 524 165 284 383 448 644 236 796 164 310 878 351 722 332 321 845 869 161 278 820 699 301 373 223 294 685 538 955 874 687 188 912 421 355 821 277 895 802 899 750 293 309 758 272 581 779 364 785 979 495 758 170 432 291 674 590 816 286 861 577 260 695 973 784 325 363 369 407 519 213
297 686 882 116 221 103 672 394 195 291 141 969 735 703 439 990 160 928 889 106 431 353 578 217 876 476 973 249 325 774 861 920 321 168 296 478 965 258 642 298 718 811 187 640 161 249 730 596 999 505 624 767 323 266 354 586 946 681 629 696 140 479 576 208 776 979 963 554 995 581 180 301 694 497 758 606 235 972 908 879 434 485 284 485 911 776 340 995 602 371 372 334 979 548 988 789 818 252 960 897 434 129 558 760 160 655 894 173 407 730 184 310 772 154 908 387 147 587 808 299 454 389 772 198 778 827 469 137
544 191 168 186 192 378 550 414 862 966 327 358 145 689 139 598 813 286 746 115 731 362 460 434 614 523 859 495 846 508 727 676 387 459 233 344 270 519 874 124 562 542 206 929 566 136 460 924 226 593 451 397 286 624 482 347 482 533 433 779 720 425 912 918 525 467 893 524 553 778 190 514 284 815 874 535 460 815 386 268 529 721 620 128 427 156 659 615 648 798 260 341 252 679 827 721 714 970 585 513 300 923 668 266 437 485 908 359 585 416 894 882 438 885 829 209 520 810 458 537 601 872 996 173 842 603 161 600
214 143 339 900 438 648 999 556 197 942 894 340 567 873 510 150 642 650 396 788 357 925 645 720 495 342 530 101 525 292 974 995 554 332 616 344 534 978 483 547 168 527 221 374 292 657 204 606 695 270 690 841 797 425 124 262 437 137 967 456 220 176 286 813 606 965 588 390 176 714 371 232 643 643 496 124 724 601 956 214 124 987 327 646 734 203 642 282 693 454 445 411 836 254 969 459 119 974 708 868 984 330 451 489 725 651 173 538 836 208 909 390 854 634 769 826 663 320 103 546 816 139 709 613 348 337 884 321
479 145 185 232 358 748 559 516 249 862 224 633 814 763 943 510 316 261 160 716 488 943 414 522 760 504 696 937 700 936 218 916 517 156 300 999 694 945 898 450 241 797 159 846 256 373 950 584 927 438 445 124 173 555 225 216 211 564 224 553 429 725 556 628 492 756 963 930 293 492 766 564 795 186 874 456 653 305 432 627 839 299 269 387 701 768 916 869 548 885 832 177 657 572 464 132 699 634 478 900 106 896 794 353 889 721 242 759 770 373 950 835 350 439 735 305 641 494 873 467 945 488 308 422 828 419 896 635
905 395 697 720 828 550 120 120 891 201 596 435 276 196 816 476 211 346 438 140 594 598 459 975 182 630 525 235 180 922 903 645 345 227 439 508 590 721 982 794 999 157 405 232 446 306 384 459 409 773 823 294 654 594 502 172 580 148 510 795 739 983 527 598 830 226 636 891 456 477 958 651 610 724 178 359 430 376 676 557 861 128 236 817 463 494 481 599 993 923 199 949 710 618 387 741 860 347 857 797 226 763 408 992 664 961 937 365 144 741 324 652 819 485 701 565 687 190 599 906 539 523 611 458 236 787 757 618
789 165 913 165 968 440 123 379 718 822 245 252 887 694 843 712 674 877 408 442 907 993 674 964 446 961 481 708 512 220 813 799 481 356 392 633 855 113 913 480 456 876 205 833 724 206 228 556 402 873 353 202 876 262 238 924 591 422 467 411 954 923 226 602 377 621 146 587 859 323 947 969 900 449 296 259 827 606 983 404 516 196 510 940 935 552 657 760 983 889 273 631 790 159 467 601 967 226 655 478 730 265 848 607 924 264 209 627 197 918 535 932 315 614 716 188 596 260 740 353 632 725 180 181 263 649 417 863
401 363 222 455 778 473 706 390 645 297 637 351 672 513 781 603 233 570 101 361 660 459 279 984 441 815 934 700 295 478 550 699 504 619 121 288 796 994 141 356 412 748 920 897 347 255 118 257 274 827 830 120 958 777 997 352 712 449 270 244 275 564 130 972 311 167 750 692 328 598 308 559 703 623 719 695 547 471 266 906 638 301 780 372 619 268 534 328 937 318 719 169 828 303 676 547 543 367 631 486 793 663 188 356 723 132 176 164 815 229 142 816 437 308 151 312 955 338 526 522 456 829 838 508 560 540 799 807
396 961 537 792 735 163 410 741 917 570 350 330 511 409 328 592 497 422 477 660 260 221 935 475 418 781 773 910 672 128 122 741 656 723 605 512 149 692 422 105 560 794 129 848 312 993 717 269 274 630 914 629 108 507 812 567 149 919 475 320 296 454 555 402 680 256 604 323 243 426 917 633 619 752 813 510 312 177 438 107 143 268 619 803 220 217 510 627 408 650 448 654 435 621 432 307 616 458 139 366 314 892 738 720 589 908 636 613 472 505 490 271 159 730 250 724 934 425 939 672 517 254 431 821 412 789 214 372
565 435 488 806 175 884 586 687 239 840 765 999 373 272 546 474 140 954 715 207 948 234 445 640 655 252 819 618 876 723 295 420 403 636 724 605 661 556 366 344 307 740 464 337 241 102 576 642 136 813 890 110 894 478 464 192 944 143 939 300 980 178 251 626 843 643 535 121 570 830 254 372 877 487 399 687 581 453 409 108 557 802 384 636 855 461 423 105 591 366 698 408 129 676 883 494 783 896 281 307 334 136 984 996 605 249 923 640 668 587 237 273 951 677 749 609 882 766 234 651 742 652 467 725 606 342 153 936
860 166 884 208 545 867 901 682 410 429 105 874 329 771 961 644 657 169 778 364 798 845 642 479 292 525 213 704 973 707 873 122 579 478 354 782 400 559 712 945 903 461 744 391 167 445 520 616 704 191 641 165 397 920 522 222 997 298 345 747 196 422 296 272 538 514 456 979 970 551 580 786 894 235 690 433 486 325 411 941 178 658 557 449 573 942 888 623 114 320 467 711 268 808 775 868 384 640 134 437 143 536 462 450 359 850 359 399 719 550 331 886 868 642 721 263 830 609 254 673 483 832 906 145 807 261 616 947
857 719 719 700 641 839 888 596 603 154 550 854 799 177 617 298 498 872 103 109 431 952 808 504 914 679 647 351 474 569 321 235 853 138 464 173 692 882 166 179 189 305 395 758 771 913 279 716 700 723 686 733 896 623 816 354 345 531 979 410 670 399 756 122 105 267 604 114 624 167 144 533 694 793 512 793 894 319 865 822 958 370 522 998 931 116 384 639 712 883 566 659 123 924 462 310 302 542 599 810 635 744 281 926 126 864 864 980 226 353 177 765 869 672 522 216 413 765 683 728 423 700 490 589 852 996 816 997
368 403 762 397 574 293 332 557 702 560 963 158 962 807 472 403 254 688 822 874 224 917 660 938 509 189 645 775 545 372 191 666 476 379 273 459 780 444 497 792 775 177 625 929 295 710 183 397 999 588 111 396 227 459 556 471 548 345 628 159 322 160 702 330 459 194 917 527 221 446 158 959 553 639 584 530 732 593 858 401 216 821 836 541 418 915 264 585 334 228 420 246 183 586 318 467 128 677 917 587 114 598 283 521 577 440 468 321 428 611 281 448 449 646 391 725 120 647 418 365 806 831 712 296 895 218 544 641
548 704 845 127 226 768 135 185 775 736 284 255 841 512 818 606 820 837 404 654 264 734 398 466 979 394 793 733 281 227 527 729 307 605 249 659 644 966 985 219 151 884 341 675 602 284 775 845 156 922 408 884 384 941 103 431 401 831 110 821 576 274 733 836 598 511 258 556 233 777 718 585 146 137 809 470 686 998 132 197 361 909 659 253 371 281 883 734 728 805 874 172 454 282 748 389 777 874 804 648 484 991 401 165 306 449 621 417 942 597 291 208 267 391 136 268 935 924 977 535 981 706 282 680 967 805 625 525
194 842 333 695 792 718 456 738 465 322 485 159 358 485 270 896 770 343 752 862 640 951 666 188 237 949 258 184 230 827 527 291 370 979 326 988 668 868 962 854 125 784 611 729 714 225 388 925 140 561 933 122 527 678 136 750 250 819 279 777 701 492 520 440 302 967 833 121 909 793 515 463 132 136 203 389 767 607 722 662 217 142 647 233 642 973 316 604 402 833 358 550 940 802 891 658 908 582 828 488 874 215 120 944 488 200 456 955 365 444 940 328 104 726 419 318 680 128 153 658 802 480 359 125 841 720 679 380
305 168 775 329 478 803 767 841 400 501 391 369 944 326 757 796 406 708 102 594 347 604 670 825 632 119 109 517 187 957 676 327 659 527 902 507 635 736 302 634 541 448 279 803 511 138 724 796 930 464 403 442 179 942 408 183 502 288 947 133 920 142 520 922 976 362 107 677 382 561 812 158 426 719 581 760 376 750 955 100 500 733 669 158 681 907 101 383 385 842 507 638 788 151 722 783 671 835 172 671 686 185 424 222 949 480 468 703 169 145 587 844 535 977 694 811 357 251 904 910 432 251 857 483 548 565 928 767
954 166 882 906 129 978 205 874 471 986 793 832 549 301 145 769 632 246 526 540 144 814 283 745 105 237 970 215 120 407 773 808 978 362 129 947 237 745 429 898 810 769 183 345 273 825 759 355 747 275 114 580 241 308 816 378 969 443 207 682 157 867 422 412 182 172 698 770 596 292 714 120 232 871 283 423 423 628 458 734 545 469 124 306 659 454 704 559 299 931 211 825 236 472 216 823 335 760 241 961 672 500 603 565 132 737 417 305 496 454 352 332 306 602 860 995 742 449 901 994 670 693 773 437 441 767 571 696
412 669 281 661 469 623 148 794 243 816 686 470 794 111 681 183 123 655 821 932 398 507 239 736 948 371 347 515 813 983 810 872 234 641 187 568 233 379 320 563 430 615 240 256 933 730 986 139 218 164 452 484 705 878 288 391 913 260 562 239 724 898 111 262 422 303 551 654 597 381 999 447 845 671 942 552 568 145 633 194 976 857 958 760 192 806 939 332 133 993 835 161 311 843 842 325 384 579 984 449 879 628 253 775 646 623 639 449 804 358 774 707 389 696 413 978 719 518 843 803 126 410 898 597 358 360 925 581
191 273 770 198 754 250 606 146 479 138 132 551 739 434 637 540 886 276 235 226 680 408 651 216 452 303 696 375 586 807 179 845 891 720 555 294 930 370 338 323 464 515 165 846 333 629 301 873 179 633 958 921 652 949 665 312 539 570 142 313 581 303 561 357 870 961 370 367 504 479 453 246 490 621 343 949 373 337 153 627 619 856 435 616 850 605 330 714 273 401 122 366 516 313 226 707 163 515 776 569 180 790 633 409 517 665 910 140 165 386 275 720 945 803 471 625 917 997 742 677 469 770 124 592 616 338 350 289
680 449 667 334 756 721 801 668 879 744 331 696 137 547 133 267 583 402 821 204 301 584 122 873 503 203 205 951 533 623 381 580 775 418 957 992 737 671 552 549 840 871 289 605 131 408 297 986 192 727 505 418 248 940 578 290 723 565 350 441 748 394 397 267 679 472 292 227 610 212 177 546 663 751 882 213 291 280 318 297 503 179 629 959 860 289 386 802 112 715 284 728 766 252 504 461 568 917 601 470 883 460 955 708 901 766 140 822 108 207 704 763 900 789 753 242 939 347 782 304 951 872 804 871 773 634 881 283
895 359 983 130 754 279 599 477 216 239 581 297 955 326 154 161 784 613 813 674 708 459 271 757 476 438 503 657 335 729 600 204 889 467 639 469 880 178 194 786 258 745 351 500 496 780 666 808 498 996 987 538 204 222 950 437 826 902 868 794 500 160 708 211 819 307 521 635 517 909 622 705 213 776 966 720 534 465 121 118 216 189 934 103 863 466 964 861 878 576 872 405 293 401 575 340 770 744 443 787 745 147 662 851 743 324 245 125 175 293 182 885 960 399 143 891 158 297 252 745 228 944 235 507 917 641 885 301
486 328 408 364 778 909 330 892 653 187 377 191 712 412 596 369 357 745 276 411 170 990 874 896 480 350 797 952 606 236 531 609 617 567 109 745 460 490 140 843 547 263 816 618 783 833 819 830 426 260 144 155 580 679 326 472 202 231 514 357 650 518 403 784 552 978 408 408 648 196 895 656 118 823 699 991 219 332 681 808 736 449 455 159 987 773 779 662 971 636 502 574 834 124 822 240 407 544 492 858 859 708 348 806 826 395 467 929 757 669 317 713 593 373 584 245 980 604 688 824 220 714 757 746 145 533 726 385
115 720 918 795 133 703 659 350 210 172 808 711 367 740 944 802 559 872 453 807 569 336 975 378 598 457 967 980 733 857 991 625 101 446 398 224 134 727 722 531 820 386 245 561 575 711 964 421 793 580 640 798 928 984 250 401 610 727 465 496 154 184 253 381 408 226 747 740 621 622 298 800 760 861 678 310 416 440 824 193 632 676 773 312 161 545 268 400 199 659 444 778 339 914 533 670 185 669 289 860 457 277 372 131 969 217 962 169 955 653 105 788 363 490 946 486 307 939 793 885 798 807 854 881 129 988 828 855
568 727 612 914 392 807 720 337 896 106 663 470 619 960 685 140 647 823 493 669 271 296 764 317 872 436 310 962 638 214 117 117 863 354 832 773 558 906 929 802 291 629 600 925 621 313 895 444 880 511 718 577 185 473 967 107 318 178 541 743 798 475 160 399 859 377 846 630 169 227 640 909 447 853 304 703 171 436 765 850 869 579 289 980 767 585 639 831 107 655 157 196 433 952 575 323 105 512 145 503 622 795 657 338 795 996 107 808 558 460 130 226 926 422 354 459 634 366 153 729 969 847 385 405 787 242 695 698
986 860 841 923 647 316 394 584 146 715 555 981 517 957 771 322 163 985 465 764 927 499 987 729 700 648 722 964 359 778 788 916 261 573 796 776 131 528 169 934 546 798 772 294 674 504 248 884 937 807 667 338 102 247 955 207 627 500 827 921 681 867 500 544 909 275 591 824 513 467 484 157 969 266 359 615 174 737 622 590 891 204 823 993 304 184 441 317 896 373 313 815 596 660 271 447 313 573 822 852 113 462 373 462 372 713 994 210 625 205 683 492 238 607 910 572 428 722 567 772 408 113 245 866 126 696 438 461
213 497 879 718 806 512 266 647 232 670 191 843 634 911 446 958 274 104 963 210 846 929 918 860 853 380 916 545 474 779 861 649 963 957 789 262 922 719 489 245 979 749 308 156 820 791 742 115 388 432 557 726 651 983 551 893 475 773 692 865 699 506 446 901 893 378 433 527 286 959 853 205 990 670 297 358 965 198 940 272 756 454 103 414 374 732 780 677 381 308 714 160 218 910 767 578 743 553 988 973 925 521 888 776 662 544 647 331 120 976 135 879 553 968 346 981 645 585 554 738 752 451 651 873 576 820 354 224
760 988 777 734 353 760 626 613 851 168 222 985 786 841 191 465 158 317 985 380 775 513 958 567 795 471 782 531 639 225 907 256 727 420 708 384 410 351 634 497 371 623 872 646 299 250 257 719 323 179 937 755 526 251 387 880 302 219 219 431 385 726 758 645 829 100 430 309 165 980 717 547 100 936 465 826 470 932 501 224 417 284 896 851 883 276 371 566 125 566 334 481 940 966 425 919 442 983 234 336 881 821 881 743 721 632 527 550 874 819 848 233 388 336 861 111 889 734 675 290 721 203 240 906 183 189 927 237
158 837 498 980 506 618 885 859 518 591 612 415 580 444 211 460 475 564 166 804 253 631 536 173 748 205 545 620 254 309 825 427 805 377 126 529 330 530 381 742 374 551 891 668 120 172 995 332 397 823 259 956 675 637 759 679 743 476 497 907 372 528 360 346 674 398 418 365 775 332 360 903 133 208 153 382 227 688 858 349 158 770 331 941 425 314 548 995 848 759 482 807 629 826 644 978 325 614 928 243 314 943 525 556 212 767 965 582 438 351 144 666 458 347 707 437 300 170 695 222 858 793 108 694 369 698 723 939
446 450 479 581 635 521 451 437 203 593 592 995 446 288 622 688 739 804 577 755 961 466 627 515 648 855 208 343 526 234 253 545 794 275 347 815 550 488 683 962 392 232 644 393 288 809 957 256 833 635 137 669 373 180 657 194 533 561 527 411 129 626 748 696 585 301 266 894 502 566 911 245 273 952 113 337 954 506 874 752 168 473 915 765 268 494 341 776 331 745 438 323 806 543 384 301 222 118 467 444 506 687 766 583 271 592 623 118 228 573 751 254 829 151 718 104 259 735 242 606 378 544 524 535 716 549 132 136
184 699 837 418 326 460 694 875 190 940 473 806 294 529 488 657 621 833 812 441 874 793 775 971 109 518 426 934 255 208 247 632 671 227 508 685 650 935 170 680 897 145 287 996 682 512 382 103 822 366 680 966 484 235 443 101 411 936 550 511 513 546 527 158 512 544 620 305 970 815 955 444 265 462 666 919 573 235 213 939 290 728 493 425 387 695 660 544 380 360 285 442 221 783 411 512 392 926 807 276 568 721 389 599 979 763 823 571 516 762 644 478 244 584 213 537 717 430 871 726 709 500 439 248 702 763 459 384
715 729 433 639 549 204 799 914 999 775 452 122 451 237 770 240 764 735 386 995 894 363 863 822 776 433 791 107 292 546 168 870 198 862 810 616 147 221 235 201 772 816 160 984 764 558 630 460 921 800 600 193 658 450 656 916 834 139 660 256 502 945 607 333 888 794 670 697 415 188 903 653 323 503 480 201 607 842 674 684 913 111 735 944 714 425 543 325 408 485 135 508 705 861 361 605 833 291 807 412 610 575 728 819 148 359 605 404 920 860 181 495 881 646 708 931 497 566 966 712 150 835 942 945 330 743 895 377
528 449 267 738 717 959 132 572 290 461 981 250 588 942 686 108 824 876 886 769 689 213 709 834 941 672 311 574 323 553 626 575 674 340 603 678 584 817 449 666 716 387 956 810 321 182 554 234 473 923 131 256 486 978 797 582 738 140 359 781 755 340 387 848 916 753 165 444 524 404 798 464 586 643 682 578 617 798 458 890 746 694 371 242 825 343 927 641 567 251 777 523 429 378 913 404 384 728 921 442 642 258 762 360 439 246 748 986 213 600 511 886 861 403 132 433 166 187 799 400 295 187 267 433 273 372 521 135
252 437 779 569 903 368 777 293 576 837 319 557 574 839 768 522 891 534 606 867 141 184 993 215 868 420 371 409 161 559 996 444 358 161 623 415 817 871 853 262 834 822 574 320 921 777 346 242 806 840 721 976 841 797 522 155 873 740 673 854 856 649 745 388 857 534 815 623 961 364 146 198 886 122 203 912 300 570 193 855 755 232 933 899 117 825 901 766 440 303 687 308 999 106 740 966 646 781 649 986 133 945 438 700 745 826 605 231 235 869 253 511 157 941 558 655 967 214 914 814 271 529 135 181 166 503 612 923
206 990 592 770 677 170 938 808 851 601 676 925 405 590 349 802 812 516 736 293 921 350 682 155 495 907 533 523 971 471 625 127 403 739 758 534 906 858 904 969 786 679 662 901 465 585 871 133 659 153 485 736 493 533 963 189 399 422 514 136 109 754 112 290 375 655 334 933 519 651 441 765 208 651 963 373 788 676 297 607 443 946 660 219 552 390 860 903 225 728 143 514 585 561 872 685 854 619 403 663 460 800 209 418 650 485 663 672 455 188 666 461 271 678 778 766 766 963 627 328 888 278 796 904 842 878 106 327
816 316 249 869 595 457 962 966 837 838 832 699 610 261 199 295 271 903 548 307 756 102 882 552 483 852 437 909 229 236 285 880 276 234 388 405 574 969 359 652 735 595 670 738 641 646 631 815 909 482 990 523 282 316 971 838 376 524 900 769 979 652 892 527 271 902 310 443 496 232 638 794 620 692 671 488 492 420 988 434 346 431 960 470 542 415 989 652 286 588 718 335 465 310 793 114 464 352 840 226 931 615 336 956 122 443 906 122 586 825 765 808 936 926 823 382 959 480 429 427 321 285 391 686 924 216 253 198
399 941 114 258 193 481 219 547 987 400 189 568 705 925 663 135 423 817 664 144 499 331 525 363 330 544 761 815 207 576 162 859 882 621 768 175 884 171 958 601 337 782 809 497 522 729 261 724 443 126 983 292 940 546 397 369 705 900 522 118 321 317 984 155 747 555 928 694 305 376 559 952 464 650 874 937 601 571 348 483 564 406 434 376 995 643 167 110 437 152 320 206 623 877 587 177 767 447 690 425 110 240 647 451 554 591 742 637 788 542 421 928 432 807 249 901 306 484 696 606 591 571 951 831 650 135 411 912
223 423 742 960 787 194 591 726 249 150 611 882 695 918 375 391 804 168 288 639 423 425 122 321 354 717 194 223 635 198 358 307 734 979 971 516 162 728 247 139 703 283 723 714 769 595 520 776 305 643 821 460 425 386 120 217 622 980 339 933 649 174 125 156 482 339 374 351 829 696 496 785 662 324 450 840 849 990 997 773 309 617 877 290 132 566 169 979 320 728 843 609 258 294 598 306 507 290 798 526 517 472 101 270 703 781 619 817 663 322 669 962 358 490 145 615 437 828 696 992 387 316 535 556 669 701 521 508
813 236 441 455 763 661 455 466 380 413 685 921 283 940 350 635 227 546 792 689 943 753 955 303 135 425 425 867 702 869 852 577 419 369 806 447 484 100 790 843 495 341 681 560 899 253 744 936 186 856 554 852 564 620 665 822 429 247 574 268 321 399 501 159 739 599 914 201 983 841 794 810 921 651 501 624 807 353 634 925 914 202 724 128 175 809 217 784 360 767 377 698 603 709 445 102 592 905 715 871 227 989 270 445 623 936 829 705 689 747 621 755 649 576 465 378 738 250 590 380 937 871 772 429 921 852 985 582
946 124 713 433 260 822 730 181 192 839 981 747 417 807 592 155 317 491 652 379 663 148 412 214 991 707 253 990 991 896 231 166 682 911 955 509 466 172 952 798 160 641 624 599 891 490 145 395 507 739 409 948 253 880 736 211 238 404 337 249 487 788 600 671 446 788 781 260 461 958 586 106 354 712 678 573 937 737 320 149 985 157 155 931 598 731 528 517 993 905 775 271 375 520 134 283 486 705 267 366 530 205 746 311 850 753 229 128 143 925 407 221 720 548 507 751 114 775 326 240 418 188 706 518 892 616 862 616
776 833 257 632 273 945 130 396 717 448 936 977 184 389 232 883 593 139 824 611 882 714 526 324 202 662 390 781 516 301 671 719 201 458 891 658 510 895 658 657 733 300 595 748 347 263 240 624 668 229 588 684 125 715 534 110 735 316 503 324 688 370 556 342 658 373 283 747 396 826 942 908 216 718 368 119 332 108 257 898 353 480 203 384 777 718 153 332 357 928 364 354 796 391 636 596 326 635 831 324 437 720 603 279 873 499 310 483 856 453 194 338 567 383 626 583 792 722 638 660 415 786 427 977 175 336 396 321
532 675 210 679 843 999 608 797 702 188 840 528 579 548 622 697 435 192 483 328 301 875 468 951 537 430 815 809 667 592 725 788 394 388 151 188 600 428 320 952 648 803 977 549 559 290 224 723 795 478 216 531 479 362 206 157 927 365 335 480 151 806 856 515 429 981 805 909 263 661 354 508 298 366 429 390 445 433 455 810 206 905 533 539 507 682 461 785 935 854 887 639 204 715 112 682 958 498 620 557 690 715 309 499 677 352 898 236 103 137 245 770 221 529 674 122 209 145 751 169 979 971 725 490 435 704 492 527
755 293 750 595 772 299 500 432 935 672 379 741 266 267 671 681 224 138 188 390 545 740 280 971 580 479 963 344 979 362 107 304 600 836 547 412 454 295 905 840 101 778 459 651 589 215 309 145 863 312 449 599 721 165 881 588 289 768 990 506 490 568 276 218 534 463 602 830 989 567 608 507 555 946 743 910 265 214 971 700 300 900 727 622 771 172 645 697 773 126 644 911 431 539 575 461 193 432 376 663 704 639 734 860 434 170 380 913 668 612 412 688 308 944 735 269 215 562 560 686 759 670 605 610 438 265 820 260
542 235 505 631 291 966 230 446 200 207 574 131 937 797 192 130 364 338 947 205 583 725 369 906 164 444 559 560 768 891 706 904 103 646 875 560 510 518 616 835 405 575 258 804 824 918 978 193 330 356 193 226 715 201 386 483 153 997 861 448 147 294 789 618 808 554 963 534 674 548 884 772 354 253 514 727 610 187 985 609 102 438 583 876 795 225 343 785 485 431 820 342 576 978 288 706 102 532 731 902 709 936 534 765 744 550 135 235 572 462 551 995 137 780 906 472 330 917 378 198 688 508 470 197 848 550 703 963
620 232 531 141 668 853 145 448 350 582 682 638 241 429 358 636 757 332 611 565 143 414 404 495 312 856 203 655 631 703 967 745 503 520 213 368 990 686 183 732 232 939 114 761 673 998 119 333 165 344 539 396 954 225 238 757 973 692 245 603 218 890 936 683 608 517 903 782 478 774 124 731 625 130 315 758 601 259 807 551 346 171 580 689 100 859 444 975 130 413 304 407 533 997 849 362 187 654 127 742 171 614 480 498 522 561 636 948 304 877 368 607 775 394 383 758 238 900 711 446 490 939 196 687 886 766 336 405
295 500 489 795 788 162 786 526 465 120 504 448 318 534 484 616 503 431 675 537 757 240 911 893 662 465 379 252 681 702 952 718 520 249 795 995 952 282 458 563 276 465 383 281 898 154 749 876 803 677 328 755 621 852 884 463 470 683 831 779 955 274 391 408 919 124 676 489 382 175 355 505 943 179 219 774 556 924 485 982 106 775 485 837 655 583 723 552 142 876 383 484 486 978 661 746 555 959 519 286 304 401 460 666 439 677 654 311 244 614 799 982 464 947 487 670 654 739 255 586 148 475 932 562 184 897 526 488
844 243 962 745 624 247 974 264 899 100 282 728 983 943 206 172 379 103 304 161 738 720 615 520 641 580 377 642 348 647 362 633 919 138 429 359 317 680 728 420 795 389 200 685 506 747 759 185 787 562 838 777 805 486 746 626 665 808 118 325 484 336 296 676 694 457 213 979 349 285 769 958 563 831 393 624 930 513 645 499 754 882 628 800 930 826 362 795 925 473 651 156 525 718 231 755 518 868 919 800 180 522 282 490 554 236 656 630 760 188 736 692 494 369 323 209 183 414 832 968 123 964 119 147 916 586 969 138
642 391 175 657 837 460 540 587 743 237 690 143 682 858 990 659 716 566 399 370 299 627 552 919 686 386 186 929 213 593 567 980 830 449 349 503 175 501 941 128 704 168 915 678 470 240 873 353 211 324 543 314 443 730 442 104 428 413 876 978 496 828 759 611 617 572 717 347 185 785 729 870 602 230 276 239 498 445 448 303 319 473 373 316 496 379 550 167 248 520 490 203 987 755 956 922 678 992 915 650 607 823 613 555 627 886 760 350 597 390 306 349 836 313 879 228 269 612 282 296 273 467 306 129 483 619 811 118
757 446 433 649 801 218 594 610 983 207 907 470 792 903 333 429 779 314 443 208 375 851 831 980 765 322 386 908 730 262 661 516 207 194 605 758 864 646 518 403 587 155 213 541 412 551 657 572 375 112 510 783 605 730 467 507 227 611 371 993 552 437 667 466 772 897 263 564 891 277 464 427 712 128 713 441 927 132 719 381 445 411 632 544 497 914 682 733 518 488 116 527 242 876 514 944 350 596 341 404 299 835 612 715 229 833 826 493 717 776 964 528 245 207 308 725 415 802 943 669 870 306 896 680 922 916 482 376
810 504 999 322 722 381 558 331 142 870 876 883 629 268 711 524 164 586 433 889 909 559 703 951 369 751 163 546 498 723 652 986 281 974 511 351 647 811 359 262 385 407 673 820 699 329 618 526 216 336 999 100 164 612 258 186 902 252 510 691 340 508 698 155 477 135 560 659 571 581 445 413 973 807 761 885 965 472 462 586 184 646 539 717 546 117 623 356 279 994 326 472 328 483 173 425 194 812 711 893 385 872 491 134 477 810 863 741 700 635 521 267 367 212 836 614 477 414 536 923 895 233 917 107 938 335 688 951
477 293 523 914 813 276 500 620 215 700 115 931 922 506 324 370 305 925 739 303 974 943 490 361 684 245 902 812 660 168 496 964 842 242 141 172 620 445 891 172 110 462 491 525 717 944 492 322 616 723 236 804 123 567 110 561 958 542 684 712 104 249 746 516 134 668 543 147 306 621 743 656 509 802 519 727 644 391 220 565 688 558 297 610 537 986 711 434 795 308 963 326 595 943 227 438 836 728 304 807 892 144 865 119 759 773 204 894 779 737 946 861 914 721 987 798 461 487 458 502 429 116 492 974 336 569 763 227
701 642 805 413 921 987 762 698 848 765 100 497 781 849 370 454 624 269 406 952 673 709 766 263 103 199 933 940 596 471 139 569 271 771 460 466 398 741 565 116 775 542 873 296 477 453 380 426 808 434 455 153 985 129 787 740 330 642 775 259 393 279 641 304 178 112 928 257 818 677 538 760 332 758 580 352 900 308 868 749 508 193 824 951 613 450 927 188 548 874 252 410 453 483 349 379 890 874 728 319 625 558 374 171 239 311 950 101 878 712 437 179 382 112 788 975 989 398 381 335 405 198 131 331 337 479 590 445
384 465 134 668 342 738 471 429 766 470 411 576 418 379 134 244 169 649 734 716 412 780 557 717 710 619 229 328 883 334 870 375 631 233 735 358 970 323 418 457 229 589 807 859 868 155 591 433 280 707 551 978 979 361 555 915 865 923 982 487 947 338 671 541 867 266 412 999 406 280 189 271 951 312 903 134 860 269 555 246 923 488 240 240 445 675 779 431 664 311 120 241 458 467 631 226 497 906 482 144 477 827 901 720 470 798 927 915 296 553 493 275 875 435 135 453 707 967 224 366 719 518 368 434 793 889 820 256
454 331 605 827 896 907 864 797 737 642 749 473 601 930 580 753 827 452 251 443 436 689 794 237 772 291 953 984 471 722 658 761 209 733 403 523 250 748 264 789 561 604 270 511 603 533 611 260 695 809 298 511 675 187 210 903 215 449 281 471 272 733 714 137 891 550 333 221 979 403 497 109 654 275 117 822 833 144 146 703 860 206 759 652 868 365 220 928 637 275 562 126 965 542 802 854 882 486 761 879 330 688 262 324 904 310 301 555 560 648 619 236 524 126 207 903 988 663 163 996 282 741 890 476 112 134 978 973
983 195 827 570 700 188 426 716 413 717 701 928 307 440 830 630 286 391 151 444 556 311 757 845 939 523 524 826 663 980 745 969 790 336 796 803 558 348 936 808 567 806 561 467 142 346 359 573 254 289 173 607 978 158 541 131 781 436 945 754 834 374 207 154 922 308 584 407 618 566 171 173 192 700 260 800 408 300 507 325 893 574 508 985 221 954 755 797 819 541 375 351 987 913 581 482 602 188 202 399 464 991 418 857 365 667 238 669 681 491 215 497 923 243 943 261 325 682 223 973 307 957 830 393 207 576 205 802
709 430 970 121 284 683 779 355 322 269 825 781 374 414 810 622 604 203 670 530 642 733 958 627 422 876 156 164 340 617 347 931 319 304 114 122 581 954 437 988 910 688 384 317 186 588 305 183 605 124 446 823 806 462 215 825 804 466 507 966 157 376 693 853 146 209 707 335 775 632 255 783 295 246 356 214 308 641 652 605 165 478 478 877 346 475 323 932 824 333 792 639 132 840 692 669 907 997 150 318 308 842 534 370 859 153 908 888 681 722 275 989 393 563 811 450 250 747 242 956 941 845 975 816 258 892 663 526
571 369 257 589 583 319 870 568 939 733 948 484 660 388 833 678 218 155 341 444 505 753 120 284 348 261 634 834 607 526 614 655 378 802 808 987 376 543 463 323 302 372 959 503 462 143 321 781 795 880 723 286 794 715 695 682 967 557 454 518 832 273 640 974 887 714 995 555 399 547 478 938 417 221 214 949 364 756 766 649 736 964 215 502 939 245 144 213 611 818 553 967 883 441 301 607 346 760 707 393 651 854 888 608 863 145 172 188 380 999 645 702 645 127 606 858 246 314 596 200 107 346 991 335 629 544 844 514
744 772 341 131 554 141 869 656 340 452 741 112 256 701 254 898 430 112 939 334 473 202 327 235 745 333 738 243 712 230 644 491 997 104 126 538 628 311 339 892 149 867 419 949 333 220 529 542 108 983 787 169 400 454 222 340 728 422 490 411 368 745 905 292 376 786 247 426 708 475 340 643 707 789 127 621 901 815 336 666 297 493 802 875 693 450 243 263 882 155 283 765 445 711 906 670 360 366 416 267 179 395 378 547 189 275 486 654 375 777 349 194 486 638 625 658 632 115 926 631 513 143 275 605 564 387 690 330
152 259 719 583 928 742 737 923 337 337 360 824 604 899 239 743 610 478 980 558 319 261 831 505 310 179 581 406 486 337 311 355 702 218 653 872 149 800 727 747 825 716 816 685 707 517 938 860 949 640 967 480 317 490 464 956 669 436 169 263 890 715 421 778 564 198 741 126 431 213 745 800 816 331 139 411 307 127 871 124 655 359 178 674 355 315 706 212 200 744 943 180 539 439 206 134 693 581 833 181 377 707 241 209 100 898 602 218 514 692 428 711 370 321 614 335 159 368 535 916 575 338 779 546 280 286 980 459
353 802 253 221 997 360 496 180 460 177 879 835 224 226 898 578 488 808 378 578 175 227 571 869 653 474 844 372 470 317 266 398 164 122 228 637 316 731 671 975 222 919 158 325 521 621 567 664 477 584 839 321 278 393 260 167 603 903 765 530 302 270 479 124 704 962 878 833 546 867 791 636 584 535 146 205 463 212 422 961 402 423 347 205 603 654 644 566 798 249 852 873 211 171 751 389 124 194 483 294 222 252 313 622 560 568 763 510 254 185 454 261 791 885 914 860 403 396 572 891 921 795 719 637 563 413 136 282
257 445 754 410 142 930 904 691 788 942 143 727 837 760 764 776 823 485 890 359 736 138 127 419 907 332 301 269 638 267 553 602 541 356 436 513 250 343 115 666 337 611 376 141 950 616 391 574 434 510 621 366 226 102 125 696 334 911 216 948 603 583 242 502 903 137 306 300 657 776 463 586 752 398 294 923 532 463 959 676 856 409 796 797 478 891 402 493 587 884 988 488 296 577 152 368 337 375 257 215 103 945 829 284 935 124 774 152 682 718 415 250 976 918 423 943 306 119 454 820 652 530 900 348 902 278 315 474