910 737 665 331 959 354 202 750 945 181 948 590 721 531 423 283 507 604 717 734 742 941 272 346 606 765 243 834 655 906 692 145 651 615 204 265 472 497 687 113 858 747 253 515 291 243 244 127 253 967 963 350 890 158 439 748 273 808 756 447 752 937 825 954
748 618 167 756 509 158 714 378 480 613 217 606 231 632 972 338 831 941 571 644 851 904 613 467 191 116 630 555 200 601 540 852 168 576 863 476 679 609 436 351 436 183 308 101 445 452 700 147 614 566 377 833 633 806 244 743 767 384 307 423 398 401 672 309
327 499 643 355 108 510 653 737 739 405 306 353 497 479 422 899 109 434 694 108 484 387 256 317 584 764 427 881 430 487 634 460 528 865 213 275 337 983 714 177 613 663 520 918 493 108 705 196 692 268 656 292 550 944 457 384 602 582 281 939 833 824 209 244
649 579 928 413 546 887 487 858 783 893 410 951 656 606 334 233 394 993 401 853 196 624 620 849 878 767 608 773 108 416 741 859 459 885 141 939 720 256 106 535 226 678 154 784 691 894 201 158 701 325 526 344 886 965 845 199 430 161 379 771 558 565 116 366
355 940 668 167 741 655 543 581 310 713 174 444 973 315 429 724 711 216 918 520 829 487 545 211 871 394 940 407 653 533 186 853 686 990 170 918 652 589 113 346 730 869 749 559 889 976 954 342 264 580 268 574 347 631 394 290 214 487 468 768 865 323 258 249
661 754 394 829 813 223 911 878 486 593 343 868 390 725 333 780 508 206 240 287 979 987 117 910 348 325 166 747 706 636 778 757 300 893 981 667 304 646 370 356 120 176 316 339 701 820 416 501 659 457 995 792 318 272 608 908 529 211 231 710 719 516 665 763
604 516 537 507 440 362 839 406 301 683 808 894 954 159 899 836 946 996 896 421 462 277 359 817 432 303 324 722 628 783 936 813 309 269 310 789 969 824 140 566 813 662 473 190 868 955 133 745 284 118 581 831 177 564 871 287 367 481 386 331 659 869 747 960
990 329 540 181 448 644 664 643 404 359 994 426 956 932 332 903 786 299 426 370 707 446 289 721 508 799 975 239 941 320 607 292 447 864 193 851 246 517 643 582 681 250 367 378 378 496 882 724 589 898 455 746 771 823 842 760 363 753 888 796 382 322 317 636
966 140 813 678 739 126 659 211 418 562 419 318 377 282 235 741 579 550 205 460 689 118 924 167 267 617 812 221 693 374 851 683 631 351 146 323 846 805 910 574 909 623 667 828 509 731 101 763 166 645 441 716 468 177 361 413 205 135 370 466 661 812 975 129
417 288 647 247 912 756 685 717 718 569 713 877 958 634 896 825 841 792 411 436 649 916 291 528 901 153 683 506 977 894 285 692 688 482 822 568 143 540 757 126 185 687 404 139 579 254 418 246 952 380 709 966 454 653 115 588 296 364 979 192 712 391 176 373
828 907 693 427 109 174 124 542 734 868 769 517 936 659 285 342 176 950 517 770 993 540 960 854 643 606 995 843 692 245 889 433 168 950 957 925 646 656 239 988 774 999 294 762 752 538 394 801 264 774 384 546 523 990 163 163 776 564 906 453 583 380 709 452
489 493 696 968 935 711 720 678 482 456 288 457 172 374 481 178 343 515 268 499 839 176 177 110 893 715 281 257 226 224 600 386 996 419 101 884 339 687 221 541 624 450 525 454 833 536 991 135 380 739 449 423 253 267 408 177 373 951 637 107 526 526 464 454
237 753 681 659 740 277 537 395 395 654 309 161 217 262 558 255 108 894 508 592 585 473 657 250 170 403 400 939 635 773 966 479 601 899 928 916 518 123 167 542 131 865 773 720 589 815 971 578 729 298 847 344 103 542 215 676 651 789 928 481 558 399 668 617
457 517 805 943 908 450 391 684 983 801 120 753 151 677 436 148 444 244 892 757 495 991 440 321 589 528 231 843 866 710 719 891 965 697 104 317 211 552 671 958 679 339 678 554 844 220 992 477 874 400 131 620 437 258 129 407 520 271 999 865 269 418 829 623
433 116 991 573 522 186 565 218 367 915 147 907 945 767 585 827 927 977 722 892 466 379 704 690 732 981 531 827 696 647 443 459 883 731 999 924 287 418 408 193 767 728 875 474 328 322 415 828 211 642 643 653 247 916 652 956 470 414 443 879 695 161 680 792
902 386 913 936 532 111 345 288 878 276 201 299 870 162 553 692 930 608 304 754 179 811 313 411 226 108 862 173 872 935 394 270 821 831 497 973 782 599 913 486 120 212 261 710 589 970 317 347 282 396 477 568 463 142 694 741 713 173 508 196 653 883 306 878
432 600 248 574 918 624 110 163 850 220 900 454 927 582 217 613 974 579 437 198 314 621 830 982 401 990 391 594 282 325 550 539 341 551 348 618 475 595 414 229 689 808 103 121 356 935 891 236 127 492 471 973 305 265 361 328 871 574 513 479 653 595 620 460
467 981 957 917 164 440 208 101 495 153 777 393 723 930 811 680 487 435 135 314 312 877 524 813 194 336 696 395 707 304 453 647 500 979 567 434 291 565 326 594 295 255 396 843 791 694 875 957 778 349 694 288 294 622 968 854 979 651 688 704 803 471 192 856
576 344 792 407 379 310 687 520 966 326 781 485 955 433 747 141 769 998 144 956 102 641 949 603 685 963 230 922 307 533 108 364 998 600 657 131 959 550 952 129 329 573 141 758 702 741 150 267 294 826 508 231 695 476 694 791 298 100 698 604 989 124 672 208
687 160 350 898 408 444 913 862 321 445 313 206 651 265 672 172 964 701 682 178 815 641 783 198 901 331 565 966 247 458 575 158 590 545 117 920 879 154 328 374 984 307 475 231 453 499 407 925 107 379 787 580 655 128 544 416 768 136 454 874 632 513 781 365
338 815 399 137 218 377 488 141 777 850 388 881 435 130 250 849 749 939 227 694 880 217 805 586 976 129 563 589 981 550 886 102 444 208 398 178 537 625 551 661 207 601 562 197 514 249 519 800 138 800 255 672 516 525 575 402 684 620 554 110 949 311 247 942
730 457 731 984 103 638 307 141 905 336 465 644 442 992 207 603 621 901 129 779 886 533 736 753 275 871 428 516 547 467 494 636 731 775 591 529 139 253 239 145 242 662 338 796 677 716 538 892 546 139 436 374 891 678 285 141 639 506 735 641 897 291 132 399
313 330 362 833 840 543 175 626 507 870 483 829 286 556 756 279 420 400 222 344 979 448 269 164 898 734 523 347 122 403 757 574 824 566 836 957 163 745 179 268 841 722 125 160 158 768 729 422 614 711 459 402 477 188 492 895 280 808 355 136 152 764 696 355
201 352 116 466 834 655 498 865 641 415 126 203 436 514 430 129 368 693 561 637 791 153 162 877 381 382 498 812 390 989 995 183 377 912 578 436 707 439 956 441 682 117 578 122 909 174 836 879 254 545 456 147 290 297 693 494 860 581 311 245 358 446 947 309
306 770 847 540 970 780 160 708 437 313 824 535 678 747 662 868 830 690 611 672 754 732 159 358 185 201 780 332 753 719 829 483 512 164 306 941 802 489 145 878 609 279 326 846 259 257 823 745 126 301 653 764 720 226 510 703 746 384 858 158 166 824 101 992
554 441 624 476 621 165 437 188 764 961 475 390 752 596 404 558 723 797 929 314 753 160 618 656 628 933 794 735 427 391 195 339 931 426 516 244 456 819 558 873 190 245 789 198 256 473 544 667 389 518 723 673 947 967 358 387 657 381 341 460 466 809 830 535
475 781 499 169 522 660 385 787 559 761 327 156 898 663 948 743 147 973 935 472 639 542 653 160 441 640 474 417 599 483 461 217 204 393 538 668 293 276 920 738 118 471 636 247 111 680 224 700 651 301 293 921 829 177 391 210 363 856 878 829 780 241 290 900
371 505 211 975 499 828 963 671 581 521 841 516 532 657 523 343 193 770 443 178 700 826 420 813 857 142 399 534 907 847 572 899 473 297 511 119 657 941 676 952 291 407 827 897 318 598 664 443 873 963 426 822 125 626 519 425 388 203 704 873 557 465 202 755
870 298 641 974 994 552 433 994 531 317 680 279 669 465 892 313 810 717 472 604 465 445 502 519 208 766 280 288 720 455 750 562 975 439 591 178 267 521 864 175 334 691 823 895 466 134 783 998 204 295 794 334 195 383 983 534 144 257 867 306 157 667 516 407
249 958 871 962 274 660 732 374 448 245 895 346 262 945 621 191 173 260 394 427 436 699 925 423 919 660 941 728 409 810 300 617 606 101 363 725 887 176 248 892 733 525 928 539 817 652 621 989 899 431 143 197 274 413 291 281 196 455 445 183 126 700 520 230
416 716 348 672 246 144 608 834 732 570 510 671 596 573 702 351 310 725 691 915 310 169 737 227 159 524 315 951 349 521 916 975 684 553 484 358 959 640 901 185 641 619 118 339 409 641 727 823 731 971 715 938 798 247 857 749 391 343 928 269 163 413 239 209
738 964 907 881 787 534 455 992 185 145 992 907 888 499 532 296 668 721 461 469 638 214 819 288 457 505 830 872 449 820 444 588 657 268 213 957 794 446 235 358 386 791 559 303 762 723 365 434 246 944 648 657 136 258 742 150 284 494 340 705 867 180 729 774
513 281 582 164 433 220 680 690 370 323 487 189 484 980 910 860 577 499 611 637 517 231 228 579 241 545 530 256 309 563 713 618 976 932 602 155 486 575 909 173 798 268 199 450 242 801 357 498 899 775 312 450 432 398 153 474 366 349 542 349 136 923 976 583
304 599 745 189 361 216 382 896 118 702 450 251 373 280 429 107 299 926 131 818 241 444 177 256 885 242 921 882 110 162 826 957 798 839 501 303 950 993 766 106 258 411 692 374 642 330 113 466 750 402 850 481 475 256 191 405 682 999 969 991 455 731 552 605
302 614 132 804 283 974 137 758 114 484 708 139 122 869 520 995 801 172 198 630 202 450 700 371 693 990 721 395 342 505 822 846 398 926 784 787 435 551 177 616 403 109 218 498 229 725 934 386 553 795 247 151 580 535 162 340 549 532 603 273 630 118 278 783
643 713 728 135 865 125 570 936 906 103 946 548 761 245 106 699 604 611 969 126 750 949 875 826 375 775 229 313 261 610 348 650 902 547 644 538 642 686 528 598 880 263 482 556 769 746 830 300 873 904 493 841 487 371 779 173 865 410 591 266 913 763 539 734
837 487 969 449 322 210 321 796 548 338 857 371 119 222 384 851 650 813 456 329 700 360 747 953 409 621 438 202 452 261 542 408 881 557 290 757 718 984 897 432 565 494 319 649 888 398 986 952 146 560 658 175 333 854 198 252 882 614 102 171 918 598 317 948
512 212 615 461 355 583 472 723 100 918 457 915 966 696 694 468 265 376 197 221 309 787 757 366 735 768 796 958 781 160 838 294 219 883 696 986 255 504 277 652 636 450 425 316 732 978 704 482 917 414 492 179 433 162 146 487 390 447 302 262 236 760 759 675
104 864 581 257 977 247 599 873 314 647 187 110 132 673 542 678 329 842 567 863 117 936 794 382 651 160 352 568 166 690 318 440 472 734 197 547 271 988 739 451 301 175 921 148 255 101 197 696 248 938 168 753 718 192 820 294 712 743 918 459 503 493 299 724
517 330 274 938 554 680 440 386 979 749 334 622 789 189 399 953 697 505 786 186 985 279 528 509 487 700 308 123 453 423 896 421 716 396 926 309 492 941 954 895 953 128 659 340 413 716 764 702 754 197 494 294 541 546 546 711 729 266 260 261 258 598 513 633
147 233 325 592 778 723 733 984 379 495 466 602 730 795 571 838 687 553 330 370 398 731 530 513 946 812 256 735 415 355 515 549 226 843 688 520 184 906 926 100 672 652 187 404 712 569 112 743 586 650 656 955 862 472 248 657 829 355 333 334 543 978 243 255
553 362 261 404 472 349 640 671 390 964 121 562 553 772 953 768 676 931 280 777 423 327 375 789 422 534 804 445 284 601 781 874 591 389 863 198 512 740 720 937 212 394 599 451 536 667 412 969 546 777 505 221 167 932 890 511 941 301 226 504 623 340 322 894
732 510 566 536 903 350 132 807 260 557 111 351 600 597 639 747 467 413 862 590 193 914 159 699 444 492 207 847 305 957 323 108 371 586 776 465 945 201 460 470 777 319 228 946 191 756 794 577 387 297 581 961 721 808 691 690 564 495 377 745 185 178 983 515
158 330 661 169 276 881 725 386 378 553 249 475 873 750 893 466 520 423 354 761 509 617 704 558 573 618 704 326 937 874 488 429 391 624 936 581 712 870 932 101 809 544 753 815 131 633 735 655 338 676 116 812 351 982 154 912 460 343 451 975 435 898 693 728
219 166 346 371 402 457 621 433 786 997 107 433 816 547 661 797 152 621 750 922 825 485 689 680 486 853 905 335 833 556 582 520 474 789 383 861 995 607 933 270 182 218 246 835 171 571 144 438 376 853 815 408 841 263 704 157 633 398 783 591 798 593 362 148
392 746 164 648 825 873 854 645 686 545 519 349 835 370 366 777 252 394 331 913 579 702 553 913 522 707 463 948 495 113 731 615 673 468 731 919 478 526 533 571 189 304 843 336 686 929 364 476 544 537 414 449 870 584 951 859 681 404 730 253 479 236 829 972
945 948 260 352 616 830 376 110 541 286 998 823 989 973 675 947 347 617 969 403 603 350 165 953 257 298 372 741 430 210 826 701 147 178 391 777 836 985 645 172 218 816 927 653 709 510 548 317 568 799 959 896 854 865 522 641 607 818 299 258 256 473 597 279
362 754 510 655 588 718 431 298 615 971 361 904 231 157 477 152 193 432 107 555 398 655 449 500 307 245 550 203 869 500 734 938 144 821 647 323 904 105 895 312 280 226 263 150 644 972 785 374 861 931 308 321 185 376 452 720 394 341 637 969 358 693 541 268
884 677 160 557 434 392 744 822 240 175 824 531 202 729 968 244 844 636 759 519 258 261 701 889 782 479 576 940 577 999 140 333 109 441 758 895 693 111 587 443 475 669 238 995 520 444 594 948 434 995 940 360 231 386 227 844 477 219 141 489 918 905 498 291
936 388 361 876 152 549 128 159 605 337 191 763 174 113 950 716 345 619 425 231 180 556 230 513 215 808 629 439 847 900 250 866 660 843 742 754 368 921 242 400 192 966 730 379 413 243 109 463 568 840 801 601 212 419 195 535 345 860 660 511 947 103 279 195
262 716 190 132 370 899 732 838 744 445 494 762 605 716 964 755 609 689 554 261 616 306 210 859 748 963 947 299 836 483 428 635 377 765 825 515 989 477 700 540 292 740 698 210 649 788 425 108 772 625 447 837 933 106 381 483 719 118 437 357 566 501 901 986
997 358 183 429 259 772 441 485 771 520 590 292 227 421 446 839 816 242 303 195 136 210 659 469 673 631 772 320 223 366 336 767 614 358 895 601 994 838 493 168 617 106 426 712 681 169 920 144 263 854 780 715 963 930 869 125 317 869 320 728 700 201 814 789
601 322 915 713 591 928 617 917 351 440 463 737 225 608 957 703 117 276 249 786 636 470 205 635 661 464 210 268 720 383 277 394 652 368 637 641 522 830 598 427 340 515 834 817 692 476 848 551 617 917 645 456 529 385 551 925 588 202 397 345 987 262 499 785
921 867 463 352 831 553 208 400 834 250 314 680 611 946 623 731 448 577 547 521 920 705 379 182 680 381 673 501 750 866 604 162 258 265 303 783 120 832 801 805 242 385 641 494 763 695 258 675 615 557 793 598 698 593 531 894 930 803 736 137 107 530 942 392
411 811 270 964 400 722 540 549 407 604 322 138 896 642 391 718 742 413 578 101 852 423 836 123 429 363 165 814 830 758 366 458 430 892 857 189 249 541 912 393 659 101 176 301 628 627 758 906 537 926 990 146 583 663 287 955 832 479 659 310 264 827 286 564
108 177 687 367 210 524 715 244 520 898 977 304 129 364 226 290 634 333 619 403 419 210 892 118 946 815 715 465 375 650 500 265 673 919 707 577 625 500 794 866 984 306 704 508 813 968 796 859 904 728 638 299 634 227 292 121 151 959 791 290 479 891 117 317
761 113 361 130 716 772 822 977 731 226 460 698 759 560 269 997 861 170 945 946 584 287 870 627 898 992 439 968 723 554 146 844 799 246 366 939 910 739 533 283 504 818 621 451 887 727 834 456 850 251 363 834 297 218 900 706 523 850 158 418 368 877 536 535
264 248 434 232 826 476 324 228 478 138 754 943 501 147 256 975 169 114 126 306 653 935 664 896 352 967 416 710 689 317 811 307 384 660 108 833 763 663 828 427 950 163 691 450 167 742 232 169 958 656 604 754 258 629 495 581 697 182 180 756 400 538 858 813
912 622 456 377 264 158 538 854 949 474 394 127 715 275 941 911 263 636 176 461 906 168 696 566 449 132 594 931 555 919 965 863 274 279 618 360 935 326 139 753 500 886 607 630 722 541 171 453 215 791 104 940 434 306 507 316 100 499 243 122 777 177 203 657
318 798 313 562 689 836 605 613 660 949 757 384 472 936 727 347 940 645 629 561 126 302 788 457 873 902 614 161 825 837 556 577 840 688 578 599 455 338 161 777 919 859 860 927 769 367 782 554 172 709 291 550 687 782 543 505 154 213 392 813 670 295 105 753
899 829 434 205 296 797 896 989 430 506 327 810 454 842 344 634 351 702 885 282 507 881 328 210 901 973 408 668 985 659 528 638 544 570 659 101 290 977 901 390 408 838 284 467 372 792 769 777 708 315 908 984 963 935 324 582 575 763 480 550 677 253 992 675
128 522 656 277 393 245 747 438 763 676 988 560 161 286 617 781 699 278 885 987 375 901 814 428 480 223 730 521 907 850 962 393 323 956 691 436 435 221 310 963 526 968 340 971 480 420 686 261 866 341 846 960 944 257 486 663 650 487 246 773 353 326 170 584
400 765 752 418 357 788 826 589 566 643 105 308 454 202 218 989 462 669 913 342 977 379 954 958 154 199 976 683 844 730 694 978 825 761 427 198 974 220 885 336 779 346 359 801 380 751 139 809 727 716 531 673 318 881 994 955 127 493 956 338 542 795 355 736
435 324 238 230 828 266 219 998 507 577 594 582 109 316 243 508 937 763 603 309 137 682 235 983 496 181 375 390 758 804 608 966 122 684 419 355 719 141 954 597 778 856 135 672 835 902 710 860 875 396 405 338 571 293 179 928 827 535 432 451 254 300 654 739