102 867 876 503 900 803 178 712 982 864 195 461 297 826 201 977 580 920 637 203 487 525 103 273 367 902 767 260 515 962 637 254 426 422 178 444 148 876 405 144 500 228 654 263 700 823 731 585 879 938 527 133 895 971 263 930 696 538 789 620 461 787 617 394 348 672 235 239 209 734 592 326 353 136 267 995 475 253 317 231 378 105 371 453 770 811 291 192 706 702 427 793 122 830 747 373 764 100 384 650 500 315 420 983 861 273 435 715 111 428 540 684 205 863 668 489 878 199 365 137 612 111 584 917 684 106 441 631
138 410 649 905 871 153 188 166 449 146 281 198 362 270 386 453 488 949 260 164 745 602 744 582 536 947 710 567 154 422 966 483 754 313 166 768 467 421 838 841 438 328 417 964 848 248 537 281 777 548 214 395 682 936 356 692 696 297 796 749 261 238 771 157 448 847 918 345 231 666 320 463 604 476 441 689 659 919 422 333 156 233 113 544 235 796 409 681 864 901 215 192 548 699 498 634 868 173 778 310 980 164 161 615 545 184 930 521 644 577 318 537 834 537 609 674 206 982 596 224 445 444 493 394 479 596 267 975
769 868 707 180 456 818 881 625 863 788 249 596 913 632 788 266 210 374 264 597 668 915 357 510 738 557 466 703 687 236 571 418 959 403 347 575 873 783 996 601 344 245 270 388 534 826 153 826 106 610 943 499 486 749 643 272 585 812 491 793 643 983 996 402 524 254 739 418 351 560 517 506 718 369 937 645 290 595 869 841 831 323 233 621 306 443 994 177 579 439 166 963 958 950 906 156 728 564 359 223 183 678 897 990 908 595 768 717 828 363 808 854 984 711 222 585 909 761 457 300 575 206 198 331 897 202 929 826
638 968 690 161 477 796 216 991 951 226 380 438 824 163 520 257 914 649 811 266 647 391 362 549 248 201 888 496 728 399 261 222 606 903 162 624 676 472 628 417 278 644 193 167 170 685 996 497 814 593 179 252 988 474 926 117 825 748 143 594 164 451 389 198 676 396 557 556 128 823 973 502 406 168 521 942 367 742 612 355 428 814 342 496 284 779 278 383 747 541 717 573 938 412 776 408 185 442 426 647 543 149 133 495 523 952 898 519 110 495 162 895 681 562 269 552 109 882 550 165 638 626 727 158 510 986 463 346
339 208 417 941 916 991 988 430 397 822 812 138 339 964 649 115 246 491 389 306 806 333 403 871 648 489 403 907 938 193 372 272 744 567 457 310 407 788 416 872 271 845 585 877 588 682 602 881 217 473 619 701 680 451 114 951 848 335 622 840 933 979 996 587 840 507 315 467 742 867 343 828 635 466 973 548 520 975 243 409 382 333 888 658 402 246 508 990 125 475 633 687 620 799 785 285 939 544 341 712 942 845 713 229 898 979 482 945 315 690 237 533 427 686 794 876 252 310 511 124 670 495 968 477 500 613 158 279
747 410 328 710 613 156 175 872 562 851 868 354 200 628 196 178 797 307 747 575 399 282 800 577 914 472 560 466 970 848 723 984 522 711 562 625 344 216 655 187 785 101 756 923 895 601 927 919 744 881 732 787 409 564 472 641 825 346 462 267 507 760 114 713 858 479 687 187 254 294 501 579 106 216 816 292 650 728 851 588 680 923 110 541 231 935 105 286 467 344 545 882 668 129 315 536 511 930 420 518 351 607 853 326 289 343 714 558 739 798 530 443 290 180 129 899 822 398 290 999 184 109 124 271 115 247 736 711
567 465 281 351 511 612 718 185 922 734 228 309 445 885 711 282 780 728 563 438 223 695 994 590 269 392 433 833 248 469 803 420 271 607 730 947 546 832 735 427 147 238 502 328 341 116 522 850 172 501 917 257 542 521 375 443 553 534 325 670 963 554 652 756 887 427 566 496 112 811 165 758 384 810 997 959 731 986 588 126 221 155 387 186 368 728 647 910 816 516 312 932 279 250 269 255 436 345 472 154 666 797 309 474 129 887 935 623 819 505 909 933 493 775 305 334 421 123 425 243 801 804 547 335 344 332 764 395
445 954 174 730 318 954 482 837 635 180 732 673 802 293 254 682 866 975 314 487 117 232 751 684 855 320 596 204 178 487 223 178 330 117 852 458 199 541 394 125 478 900 189 301 366 587 289 258 974 492 205 994 330 116 884 940 888 764 878 155 206 612 659 616 303 170 878 132 736 929 838 504 795 645 296 978 826 870 796 775 464 787 150 635 433 761 319 266 187 378 664 683 420 591 906 216 497 906 531 637 768 619 625 815 800 463 939 185 677 265 692 321 842 728 484 231 179 236 253 371 780 109 459 857 254 527 427 126
120 775 898 650 972 135 105 648 307 919 645 870 721 613 965 746 370 667 436 239 803 794 844 213 699 143 270 451 668 306 840 389 591 829 290 480 943 215 274 778 573 574 345 683 786 825 955 196 521 320 748 279 775 110 644 362 212 216 412 885 524 603 723 365 604 554 467 864 502 169 540 646 882 632 606 489 533 567 794 964 957 145 669 293 673 962 441 941 617 489 720 784 640 800 169 269 408 158 176 137 454 415 624 348 363 931 211 167 411 372 523 743 639 976 533 936 677 771 619 513 860 849 563 858 451 555 894 522
953 472 572 433 393 658 402 401 343 684 808 588 338 573 303 772 889 693 941 475 809 553 390 865 418 630 906 177 782 197 878 144 542 175 156 111 707 260 594 198 175 217 101 964 826 630 706 847 109 207 393 577 656 121 444 165 980 933 983 821 401 794 648 913 262 480 465 633 623 279 981 321 336 704 430 782 444 265 653 384 598 935 355 510 602 729 396 963 443 364 182 268 467 630 327 952 835 328 592 853 869 510 979 327 601 530 243 345 154 439 258 811 570 172 795 435 838 688 678 123 384 537 497 821 291 162 949 971
441 232 673 572 659 452 697 877 801 596 135 642 770 222 130 933 219 811 850 790 381 198 182 725 239 569 367 317 513 807 169 684 302 931 693 225 741 901 148 855 356 713 911 935 982 652 559 934 725 882 866 722 730 297 269 662 882 354 517 793 457 728 549 784 265 358 669 487 402 328 103 790 160 852 196 718 794 617 139 607 704 914 346 647 892 604 692 117 263 869 425 639 729 264 435 967 126 694 387 620 634 880 689 999 515 274 841 914 646 752 983 403 996 100 591 645 654 160 599 233 900 522 847 689 796 255 819 449
554 661 163 585 822 111 114 593 302 934 917 404 537 565 311 963 832 694 122 924 637 175 691 389 555 358 875 626 807 697 623 495 851 218 246 475 729 508 338 171 314 893 275 636 997 694 650 166 791 992 401 441 224 412 611 562 265 556 375 494 730 279 274 113 140 694 291 342 320 701 359 410 468 772 851 891 157 463 133 960 764 227 192 973 215 572 351 637 458 645 677 220 639 773 519 644 628 318 102 366 688 750 713 511 498 279 455 942 685 542 989 204 833 789 309 449 673 510 150 366 931 702 230 751 894 793 469 756
919 169 608 216 265 336 467 342 887 128 515 836 896 191 252 873 803 316 802 511 533 405 958 142 450 293 206 893 722 675 992 858 705 681 853 819 334 856 382 943 893 622 212 678 682 477 272 795 716 635 395 990 434 974 836 477 520 709 739 953 385 579 125 585 811 562 631 674 528 322 723 317 763 274 419 628 345 526 683 855 342 698 236 865 750 699 683 616 674 345 396 972 172 886 621 265 452 657 831 682 835 566 823 912 501 282 482 877 780 633 695 554 533 440 472 830 521 499 811 252 886 798 878 342 162 572 687 424
437 616 404 124 953 171 899 373 440 127 260 138 221 768 607 965 863 664 994 238 425 684 461 627 697 492 914 523 563 780 564 516 774 797 489 657 609 494 885 639 164 192 668 749 470 237 371 223 652 253 218 533 884 377 663 427 795 105 810 519 834 490 618 751 577 559 766 692 207 259 144 910 705 682 645 934 834 968 356 510 886 721 830 491 430 985 305 941 550 510 762 711 801 463 118 876 121 894 238 849 449 604 851 822 440 757 577 536 118 172 359 679 642 595 527 377 750 340 107 530 492 471 343 718 354 251 688 830
927 704 367 318 196 638 451 186 290 836 745 879 167 102 912 336 979 659 967 266 179 194 719 156 468 231 621 531 597 831 290 915 823 451 480 579 209 538 597 480 709 378 409 103 197 433 754 268 669 431 936 134 638 439 964 562 468 187 135 854 529 395 608 720 936 337 732 830 245 281 529 840 411 471 846 238 546 111 718 620 667 152 590 686 853 991 889 962 689 554 380 835 546 576 851 670 890 124 980 877 642 805 385 479 645 884 886 267 770 899 466 565 249 113 166 925 853 268 332 755 459 671 480 333 182 725 550 837
132 326 979 385 192 545 675 985 913 174 420 628 634 441 978 906 635 314 608 466 907 636 344 926 406 799 342 658 841 513 309 386 678 133 419 458 630 337 662 715 880 257 531 374 468 316 436 121 695 754 714 422 679 508 149 384 761 907 929 342 447 205 348 259 658 562 802 318 843 796 112 753 283 984 277 779 989 224 643 117 627 291 180 540 944 814 734 975 724 819 421 566 978 813 689 498 923 851 268 964 138 996 589 294 536 998 152 694 723 639 405 658 721 730 986 642 803 317 611 859 683 813 600 769 503 511 527 178
992 627 216 623 619 626 991 402 252 516 288 505 637 301 711 432 156 714 906 162 684 664 495 862 957 768 693 190 989 392 153 730 259 675 981 402 285 805 571 255 141 940 885 244 199 339 542 804 727 755 765 678 545 588 332 226 786 364 247 808 831 673 402 864 868 692 851 621 466 334 315 253 863 633 656 387 797 179 493 819 610 296 278 343 925 639 581 161 278 824 429 414 884 214 973 192 363 893 212 146 128 526 228 636 976 135 456 789 719 817 719 198 496 182 387 361 672 606 296 574 115 759 786 482 820 846 822 635
637 675 539 180 698 334 758 327 418 500 243 454 102 437 632 225 345 769 600 715 668 536 753 429 470 863 386 955 967 889 744 518 536 771 543 536 375 770 925 116 184 283 447 789 243 785 871 412 195 148 448 701 816 165 547 756 147 522 376 572 640 756 748 634 789 810 680 306 474 914 666 131 613 774 210 112 695 508 852 620 694 163 866 200 589 689 669 882 556 907 382 475 525 762 733 384 853 904 844 826 502 409 367 966 785 241 208 355 313 763 782 575 851 856 603 712 749 933 155 478 785 643 838 654 577 776 997 414
903 521 505 245 419 448 902 404 602 517 621 427 263 893 927 120 454 145 168 477 402 310 616 357 128 781 930 324 647 481 470 621 894 592 226 274 935 814 562 224 260 594 287 542 133 496 203 552 852 437 311 437 482 714 693 453 476 155 132 458 403 825 636 370 507 620 225 740 725 334 803 351 915 574 251 839 573 928 995 773 329 596 477 922 414 589 121 819 880 657 698 626 990 133 349 358 566 272 724 948 855 318 767 735 427 896 216 453 895 725 876 906 622 470 867 246 900 145 441 372 372 396 852 268 108 798 724 791
942 106 576 696 477 471 387 905 700 934 609 415 741 999 904 194 697 807 854 134 763 940 307 387 843 608 970 458 636 127 435 765 524 117 254 825 645 411 917 533 770 140 803 167 316 472 994 721 156 479 628 698 570 373 690 569 464 246 475 506 235 579 629 653 315 226 153 850 499 783 344 264 177 684 139 772 158 292 599 591 715 496 896 931 923 160 767 584 872 759 798 378 635 822 979 121 887 439 647 404 229 479 214 699 899 559 572 834 217 365 266 345 338 799 973 514 263 911 135 240 603 832 360 167 248 312 621 375
705 309 344 734 987 140 655 630 769 834 812 479 240 692 182 709 128 682 864 230 142 652 269 194 598 958 266 325 114 789 772 617 869 664 728 931 492 473 686 358 426 354 159 600 251 853 505 471 839 361 448 109 424 116 116 246 956 784 949 343 627 233 807 504 310 671 873 441 256 949 614 593 604 893 925 247 371 230 977 731 824 288 824 423 900 139 484 769 116 464 377 134 726 201 502 859 887 717 588 680 143 890 930 602 344 896 398 820 107 450 656 608 108 266 827 633 369 629 583 930 414 181 211 459 271 237 777 241
293 790 726 596 688 879 301 860 557 893 350 361 323 402 756 776 455 372 148 654 330 893 681 127 480 615 384 622 592 579 760 893 669 736 486 652 908 294 232 728 385 800 250 496 543 588 203 835 520 240 556 293 175 591 973 646 248 353 302 378 642 516 672 313 709 207 434 994 500 554 486 580 802 126 266 617 527 606 266 991 835 282 415 366 406 191 144 157 392 191 311 516 521 120 719 117 988 871 483 320 919 812 285 126 297 840 951 700 828 298 297 286 214 511 867 889 845 930 998 463 742 581 517 874 337 421 126 644
295 517 264 770 445 237 427 652 233 854 369 384 819 699 187 867 244 702 393 220 190 307 300 274 349 279 907 939 465 530 453 321 427 852 447 353 118 861 521 994 793 345 608 596 298 836 416 598 341 877 101 872 843 268 141 574 337 133 442 177 388 340 427 261 242 557 777 622 192 474 686 932 251 109 955 131 321 969 525 351 499 542 163 266 582 220 121 727 243 722 724 304 630 654 719 887 214 490 685 438 856 952 164 230 132 471 870 887 964 160 130 189 135 544 382 429 282 527 109 683 168 642 111 628 906 328 100 186
934 927 209 748 120 370 772 902 849 258 315 989 334 269 505 727 758 425 264 544 696 248 704 562 374 989 555 798 739 840 407 961 985 807 142 592 799 865 944 765 278 260 957 139 171 932 729 765 634 758 567 809 344 563 290 284 160 128 795 945 818 781 882 917 186 764 653 453 694 359 849 793 806 662 938 154 213 253 418 507 846 517 827 649 289 310 362 674 976 721 636 134 577 902 174 692 398 605 992 853 449 772 876 925 786 650 709 365 828 339 292 971 359 411 348 693 430 197 478 870 429 223 878 320 847 469 865 729
875 903 563 824 464 623 985 470 846 744 750 390 850 603 470 801 710 609 271 602 264 851 816 289 742 922 345 670 501 385 269 985 676 102 200 580 700 166 231 464 508 117 268 612 218 435 386 619 225 765 327 815 399 553 327 944 462 999 542 434 663 306 167 111 427 727 802 387 661 161 794 879 391 949 966 401 981 286 700 594 143 701 286 163 569 597 216 875 102 846 928 155 807 125 813 786 892 980 333 723 980 689 774 984 121 775 407 582 383 114 428 385 912 193 490 176 753 852 623 625 533 474 919 955 473 922 108 991
978 178 621 536 326 221 120 522 614 208 715 266 165 201 492 980 654 933 825 958 764 237 364 936 467 863 903 685 507 671 126 550 239 264 584 444 615 284 898 313 369 756 970 317 319 409 110 904 494 507 180 160 510 923 146 952 898 841 800 689 579 864 898 240 504 178 775 572 876 170 624 319 769 466 690 246 403 457 975 315 956 426 398 319 800 421 240 235 266 644 422 268 343 245 630 475 144 932 323 759 979 259 515 282 374 283 894 394 626 841 749 798 473 659 365 882 920 924 611 128 779 911 832 176 715 849 416 292
287 448 245 611 591 684 989 224 396 751 183 200 284 469 887 904 623 105 539 903 329 756 300 334 733 943 158 327 539 502 439 552 387 936 641 140 324 988 811 363 405 321 949 374 286 431 235 542 143 961 551 974 462 905 213 158 167 715 812 894 581 846 148 746 162 134 259 464 105 413 718 797 682 253 244 307 744 847 840 575 560 542 159 763 678 323 244 741 242 726 143 322 319 594 157 965 428 367 940 628 107 140 246 845 128 499 160 443 611 755 656 750 754 954 189 611 349 575 719 582 105 667 747 684 308 443 384 210
727 113 318 281 624 627 546 601 632 334 350 756 618 805 533 531 340 762 789 828 672 493 556 133 282 378 872 968 553 955 140 276 222 759 940 990 408 521 567 912 640 887 876 258 745 135 981 655 442 497 164 105 599 840 885 944 273 301 768 791 786 510 574 775 983 234 893 422 946 706 138 541 812 508 280 159 171 833 425 573 358 911 158 553 147 541 427 252 158 276 692 886 901 648 776 505 729 162 602 529 295 942 142 903 197 178 988 162 897 300 544 156 664 934 777 149 505 978 356 315 849 740 235 771 457 900 941 898
806 263 684 283 766 246 576 209 916 337 370 567 593 823 316 848 595 568 778 530 841 612 145 765 335 238 248 584 383 422 238 878 981 409 383 884 972 740 356 744 810 781 728 523 114 722 533 181 998 650 961 642 724 673 287 328 339 656 227 817 877 237 955 201 462 715 544 453 329 999 752 962 463 231 697 901 793 616 929 237 587 616 845 309 964 359 267 621 148 604 431 230 681 296 258 638 399 333 161 379 886 165 518 334 512 661 309 173 878 151 175 820 169 635 959 435 530 534 347 441 817 267 151 279 773 363 712 698
584 273 118 300 175 375 268 148 131 190 585 977 254 299 333 409 901 873 367 781 150 490 867 985 641 289 675 838 328 863 491 924 302 763 712 214 730 342 472 525 649 777 428 464 375 373 132 541 420 732 158 435 501 152 368 666 698 229 969 474 562 976 502 814 614 176 851 827 614 133 764 205 784 417 411 127 948 443 874 293 283 680 913 917 719 322 153 137 381 322 686 659 684 381 213 426 382 179 794 922 463 858 206 496 602 806 936 774 153 351 807 776 767 815 201 961 104 243 257 623 277 147 699 754 993 878 110 451
849 501 310 511 689 559 553 578 397 717 174 964 305 596 314 509 699 541 943 383 413 196 479 993 992 103 332 310 174 261 898 909 385 685 818 169 225 512 709 687 418 772 433 742 680 301 609 418 395 986 830 287 469 308 348 355 178 846 254 141 118 228 840 776 115 724 668 742 835 217 635 390 499 573 690 592 759 496 233 355 706 222 283 543 841 725 603 814 204 254 188 888 138 563 737 286 710 831 103 905 854 176 577 972 577 641 485 223 993 870 141 148 115 292 683 851 383 497 875 653 734 473 462 528 746 133 690 528
972 878 791 546 747 878 645 162 374 203 699 532 492 335 157 354 110 642 291 648 572 958 146 475 607 967 212 575 606 501 128 540 370 333 335 189 854 784 545 142 567 707 510 683 428 684 418 314 621 667 508 150 909 690 832 405 747 608 684 710 903 287 274 182 852 336 582 583 976 552 998 413 453 505 987 268 244 735 170 246 128 463 426 436 351 108 772 513 831 515 977 120 497 255 117 455 385 341 581 519 785 974 759 362 489 805 296 678 626 365 112 362 113 821 798 509 425 886 742 867 119 725 283 269 575 208 943 790
681 408 571 961 383 833 791 933 753 138 919 198 913 471 684 179 238 935 585 191 535 410 107 913 475 609 835 155 609 408 743 541 177 340 978 535 378 182 394 648 201 264 846 578 814 974 403 480 448 646 883 724 407 883 707 827 567 884 765 894 261 947 831 532 926 594 984 605 941 977 729 145 197 738 573 610 635 699 829 896 346 899 219 290 587 326 861 555 278 798 871 506 741 734 522 543 120 569 779 276 892 497 777 967 612 627 703 670 387 814 878 179 349 868 152 529 295 636 359 735 257 722 151 332 601 513 659 887
951 151 894 786 273 784 814 811 821 924 435 826 802 447 896 553 859 445 975 330 614 823 396 403 328 141 923 543 461 895 796 900 177 893 805 471 718 140 280 735 469 461 654 462 484 797 339 183 201 549 898 815 448 406 127 452 423 670 798 841 814 311 426 710 659 762 317 383 402 193 799 111 912 922 961 824 470 775 444 481 629 448 258 316 517 292 883 569 648 151 137 647 464 939 608 963 605 914 256 240 726 323 989 263 596 544 882 521 320 324 833 625 711 437 927 111 111 190 750 355 863 314 790 700 886 329 376 220
372 487 586 341 955 812 734 190 496 188 762 868 524 336 114 302 511 421 749 859 834 500 136 795 343 677 907 900 565 182 311 714 710 737 514 654 671 952 807 556 611 806 317 861 725 841 497 239 591 422 531 912 361 279 679 749 591 120 632 475 849 509 540 128 298 608 570 400 389 965 943 851 906 434 363 739 492 151 972 924 214 168 603 651 921 886 439 605 999 248 469 816 774 430 857 203 356 576 798 509 595 778 501 654 362 829 536 170 218 694 896 890 905 159 938 819 955 420 310 421 977 844 809 719 440 100 347 748
206 451 721 111 548 595 695 534 559 225 508 271 110 296 102 532 691 121 879 500 223 773 331 712 354 776 850 569 985 494 454 668 248 937 491 451 730 739 423 489 911 597 240 721 648 898 837 194 895 910 355 695 418 551 599 775 978 366 581 831 477 241 768 532 364 162 180 347 950 214 466 562 131 636 478 593 239 305 800 319 632 620 799 227 967 485 736 545 828 751 933 848 728 392 961 953 718 806 768 648 717 920 743 521 191 602 218 652 209 581 105 483 713 221 443 817 265 132 696 871 953 634 830 436 697 664 783 354
525 528 978 483 339 461 424 802 262 274 954 480 155 796 992 923 184 160 225 205 550 931 864 708 199 153 697 403 338 993 624 710 225 617 336 324 422 576 211 187 825 284 864 882 905 605 123 556 807 656 317 390 966 114 704 678 506 129 146 682 676 160 575 622 709 696 255 376 387 790 274 855 935 176 129 791 593 811 613 190 925 383 817 733 794 623 586 343 114 118 556 455 290 534 643 544 119 812 893 493 480 231 267 484 427 482 914 296 985 530 572 941 906 691 277 950 338 363 794 655 679 980 133 378 446 772 461 806
521 542 686 315 753 702 976 611 790 166 970 239 697 141 715 988 218 704 177 416 930 726 783 792 211 206 199 158 248 406 875 822 539 628 846 567 141 412 162 836 605 530 277 378 588 360 152 337 760 497 509 442 409 704 296 237 983 140 997 864 389 464 549 166 936 137 963 685 129 775 975 184 489 690 508 436 795 589 926 922 434 671 838 301 707 860 377 513 474 617 326 725 841 158 315 891 395 834 651 988 956 576 547 728 892 510 593 290 883 897 153 533 123 814 585 699 248 325 435 442 432 102 339 519 118 529 429 870
978 647 769 924 742 595 564 834 230 573 506 192 343 931 978 928 674 131 479 710 770 815 334 188 849 749 586 630 257 858 764 336 323 232 398 763 761 370 619 930 826 916 523 152 824 167 520 187 718 220 204 774 149 115 328 909 285 550 547 390 922 568 127 512 636 324 655 357 727 771 110 821 402 530 676 387 990 353 458 804 709 132 811 602 958 573 449 873 326 910 486 113 353 720 934 806 232 158 368 383 399 600 694 209 446 222 164 314 731 528 979 909 361 662 875 811 882 293 657 955 391 346 506 309 550 552 229 455
738 520 961 540 538 159 884 244 812 499 421 264 649 611 422 782 328 573 220 133 574 537 805 670 996 800 142 261 335 645 585 528 998 843 808 328 562 642 251 952 161 172 412 256 759 474 448 800 948 928 962 620 415 647 611 380 646 260 771 184 791 748 736 627 786 813 904 683 643 312 611 259 457 426 297 891 223 496 544 150 181 257 893 704 180 825 123 673 696 953 296 717 704 561 274 693 595 267 500 573 236 546 155 531 569 705 842 113 442 449 386 334 402 395 777 259 900 434 354 692 877 564 724 358 108 559 809 454
804 355 858 147 202 828 375 248 489 608 148 866 181 526 221 909 782 867 812 621 187 960 717 689 337 499 654 739 778 332 259 546 459 895 381 597 325 740 734 300 527 871 644 636 639 936 139 949 246 601 505 974 146 409 914 603 156 948 609 644 453 448 874 339 407 791 854 815 495 465 173 599 959 856 835 875 747 188 927 264 844 655 180 742 667 959 809 908 773 853 347 620 483 670 668 466 399 280 810 346 830 210 896 585 873 491 618 672 817 206 517 465 319 775 387 241 669 857 168 884 318 468 322 385 249 545 620 167
655 962 268 910 144 897 785 739 259 240 271 795 702 129 508 689 450 753 655 105 530 312 360 941 339 774 176 383 522 841 585 215 510 644 245 504 420 339 166 649 213 402 586 581 815 781 500 588 978 272 672 256 762 360 973 672 869 824 849 136 303 566 832 947 772 991 539 444 786 117 683 485 245 968 965 721 713 725 246 943 231 535 437 422 591 245 748 449 625 132 942 521 876 632 777 358 473 119 902 489 930 512 776 337 241 584 200 854 781 625 298 199 508 965 748 848 708 613 120 933 862 619 916 962 195 250 907 434
600 802 103 534 673 274 678 896 929 771 364 440 723 207 928 843 759 560 308 378 961 468 906 329 468 463 831 286 673 368 185 378 383 323 951 735 234 325 651 693 803 197 764 379 524 174 852 135 596 321 174 465 104 281 404 523 427 324 928 123 677 894 290 147 832 190 383 955 309 924 830 437 165 449 505 374 961 289 999 944 702 442 821 132 204 211 289 131 492 849 659 188 254 981 943 204 578 967 140 889 665 894 549 169 671 869 424 925 944 756 297 521 676 682 194 933 694 194 572 898 927 201 164 423 676 111 341 870
207 447 753 944 753 413 818 958 999 932 991 928 978 410 491 667 192 349 277 396 285 214 366 678 813 850 827 754 424 908 376 268 328 581 496 612 492 196 567 809 761 357 135 154 626 888 235 191 157 556 605 645 431 314 318 789 281 707 364 346 594 791 679 477 380 806 911 254 712 287 933 118 920 584 844 250 840 267 948 296 320 876 938 946 565 693 160 839 886 255 702 701 405 843 137 305 794 810 624 462 213 674 953 191 613 263 210 879 739 410 931 785 734 705 473 870 873 281 281 418 795 817 828 247 994 198 812 526
306 173 292 121 413 238 239 384 172 336 297 418 782 955 601 344 365 261 156 259 242 328 396 563 332 128 519 430 648 635 821 231 270 635 538 968 513 544 458 150 457 680 959 277 934 429 333 951 790 396 784 201 632 548 891 944 269 199 482 190 825 293 626 627 742 786 365 862 531 363 518 385 963 664 903 190 233 596 478 592 293 405 456 899 340 662 285 176 694 263 949 933 283 849 908 900 163 974 135 708 668 542 543 409 921 214 177 108 174 991 589 514 733 520 297 153 551 528 330 610 616 676 910 200 556 782 388 438
134 212 201 874 521 526 455 327 501 989 626 173 426 473 615 350 896 291 551 926 601 460 985 485 351 440 710 872 388 202 458 295 364 612 206 784 162 725 703 616 260 278 993 931 322 501 409 280 103 117 806 741 453 341 129 437 352 950 936 932 653 782 625 113 617 858 698 735 210 642 646 963 194 683 135 339 500 705 461 468 127 139 191 737 366 315 414 730 551 259 485 826 924 394 206 664 892 510 954 116 798 492 226 738 913 348 805 820 992 681 574 866 877 429 111 330 385 105 539 948 392 999 126 284 131 895 618 844
922 952 859 133 180 827 228 790 685 571 187 140 364 643 165 803 362 158 691 373 988 269 641 116 466 777 954 621 692 965 947 974 141 966 673 776 967 407 817 952 333 614 843 303 996 709 117 650 429 834 169 952 338 418 281 237 599 548 585 109 669 560 974 570 727 561 262 845 257 244 476 499 258 511 930 622 707 725 316 815 309 781 736 220 521 755 155 246 344 344 703 418 554 734 119 582 158 542 748 733 368 832 846 324 772 412 469 521 734 481 791 217 449 289 485 738 724 626 666 145 831 630 910 275 468 821 411 223
222 761 527 314 339 220 544 143 993 417 696 280 344 317 234 481 214 672 246 269 127 284 622 316 497 933 613 243 333 339 513 982 738 138 602 679 384 718 484 170 962 942 154 790 980 447 161 683 978 679 970 932 712 432 792 665 569 306 867 928 749 577 980 191 604 346 102 107 712 923 868 265 332 175 816 471 153 876 869 228 666 482 181 172 999 869 675 184 223 244 101 547 747 560 951 853 945 693 106 739 605 295 823 800 657 430 632 379 250 713 716 986 765 282 647 796 863 149 335 824 284 968 760 617 126 619 845 883
953 611 314 774 288 710 435 348 467 711 646 861 967 218 742 342 443 469 133 475 123 691 184 200 687 893 139 934 984 385 669 225 499 917 105 897 237 596 733 268 399 130 485 173 154 716 684 709 989 915 720 461 928 831 743 818 340 368 860 169 746 783 862 554 754 929 135 559 883 189 808 171 798 977 409 271 679 217 330 852 707 654 150 628 634 828 690 962 817 115 408 122 523 547 598 821 719 515 665 981 382 503 631 504 303 992 659 142 945 349 897 939 861 954 397 434 963 441 533 194 643 557 830 816 171 960 220 864
491 214 236 380 421 754 158 641 192 651 675 257 139 838 241 340 598 175 341 104 342 498 820 660 197 661 665 808 244 532 934 221 481 203 202 977 224 916 847 934 278 479 997 951 325 547 285 316 387 310 143 358 427 868 155 501 556 215 336 831 928 939 315 425 329 439 139 885 733 192 413 851 707 409 446 812 505 520 801 562 468 517 435 953 277 693 606 524 947 954 265 872 571 194 774 835 853 353 655 904 992 666 621 123 452 558 939 262 356 976 553 921 964 939 799 805 914 596 912 544 912 168 663 637 260 913 460 916
714 483 731 549 562 304 748 460 989 853 776 584 155 445 708 205 234 209 971 167 629 702 277 961 235 885 250 150 909 857 656 673 582 357 984 755 832 506 978 384 656 990 558 615 729 850 329 670 695 422 885 783 813 839 745 837 129 590 628 616 290 134 972 238 254 971 695 399 918 593 844 880 401 142 505 755 905 538 793 840 888 992 565 219 959 238 768 371 704 678 151 196 584 471 688 664 208 407 357 520 414 606 108 909 976 455 460 111 584 361 371 720 816 866 450 768 953 998 438 164 647 816 141 321 373 894 866 522
997 581 890 987 138 317 480 502 657 604 932 921 157 840 790 934 289 246 363 590 105 935 396 606 992 867 176 813 768 570 780 377 843 814 557 891 760 914 670 882 134 182 174 626 479 351 861 747 778 620 301 458 843 696 268 919 346 615 506 732 968 401 608 380 964 359 697 444 621 323 667 647 845 801 116 357 691 151 201 835 268 616 242 547 450 479 152 847 392 203 897 764 418 128 131 235 235 491 689 636 896 219 492 312 612 145 936 581 703 103 493 537 798 926 181 635 278 794 118 394 457 732 523 905 619 380 297 596
777 889 289 746 243 906 207 590 378 439 367 281 530 297 328 407 351 475 648 278 361 832 555 704 939 243 685 784 545 298 554 215 698 871 292 345 369 702 800 652 224 272 614 500 644 862 220 672 766 819 100 206 110 571 471 313 541 360 495 990 843 673 938 659 113 548 517 131 373 175 695 304 521 333 626 449 181 535 189 630 464 258 317 790 208 355 769 533 542 614 159 440 889 372 629 768 155 605 244 138 899 869 413 468 287 756 896 591 709 555 133 179 138 932 289 798 740 368 297 672 676 553 501 593 692 346 251 484
180 792 979 962 508 655 900 566 150 926 206 550 134 281 344 359 166 200 978 219 152 329 930 279 643 874 946 292 576 424 361 418 278 601 180 419 530 568 355 162 318 969 723 178 481 512 601 857 607 779 678 567 813 249 749 156 985 736 579 563 874 685 488 294 292 402 870 172 823 451 762 864 766 685 593 670 270 860 173 918 604 941 305 982 567 597 208 696 191 521 170 384 165 362 191 222 632 768 634 833 843 127 367 858 532 493 262 549 778 462 355 635 906 662 860 815 726 738 250 488 419 906 969 364 101 183 685 420
585 563 498 246 326 431 884 603 747 111 410 858 271 882 989 990 905 756 828 440 732 478 929 408 240 193 215 203 805 426 784 315 133 495 123 766 955 980 629 906 756 996 406 493 440 216 695 536 456 853 259 823 678 844 178 504 904 999 967 342 195 975 797 774 872 459 750 699 339 305 508 350 731 223 269 218 943 158 726 770 683 710 131 665 641 337 463 526 979 478 650 480 997 438 551 457 931 521 191 156 217 646 831 180 901 606 307 782 935 118 356 407 838 916 689 288 798 988 435 509 445 933 622 334 283 339 572 226
890 782 971 368 633 623 758 248 747 851 359 158 846 189 120 396 264 980 698 328 654 585 916 966 482 836 542 353 597 590 309 206 421 443 577 184 810 851 630 334 948 723 565 752 219 499 104 875 285 137 311 970 451 996 528 732 119 547 292 150 171 918 378 120 194 849 690 110 935 473 231 562 659 936 486 150 263 793 882 851 420 584 678 434 295 894 743 763 587 926 598 157 965 240 371 938 428 778 389 461 861 437 697 813 997 408 684 446 335 488 567 706 894 915 304 661 758 180 555 129 127 311 101 518 242 677 457 184
287 634 709 409 982 167 624 643 938 531 837 300 570 707 979 777 425 569 324 330 986 914 585 974 154 212 469 507 451 339 165 609 294 859 551 121 624 877 714 892 241 220 163 198 897 158 868 582 582 683 803 503 679 360 111 400 693 279 405 917 624 315 504 558 603 295 511 498 421 831 348 863 970 516 490 325 719 542 313 702 346 326 167 136 890 691 680 628 822 436 160 917 244 322 803 317 607 230 900 819 471 504 486 468 631 691 614 146 875 685 746 344 891 483 729 745 295 584 717 979 676 770 545 911 352 788 938 284
540 870 437 859 143 426 379 364 959 464 513 914 892 653 462 506 856 355 226 614 551 342 810 279 705 947 407 497 332 866 818 324 921 625 872 712 524 756 504 758 781 339 776 188 463 913 721 711 843 669 915 701 808 906 692 321 596 566 393 235 522 437 653 908 542 916 362 488 102 992 331 374 991 471 901 187 849 964 716 249 114 371 732 582 866 136 856 453 776 112 592 910 698 437 475 222 465 940 920 704 402 740 896 110 937 946 522 877 465 307 401 837 738 385 406 451 762 232 448 979 648 186 638 734 714 844 404 817
854 136 490 182 381 197 500 275 344 504 363 369 796 932 979 648 755 400 263 498 627 237 351 125 261 914 492 292 991 543 520 999 793 675 539 482 967 944 861 252 606 680 604 689 103 508 617 954 108 945 742 897 228 650 564 606 118 504 292 891 359 705 916 544 787 966 920 210 196 122 795 169 595 645 115 235 359 826 178 559 660 424 253 810 779 564 319 795 316 907 274 479 562 738 506 164 607 186 250 387 831 678 972 111 811 571 425 744 407 404 783 213 793 334 446 692 825 688 759 709 483 476 278 230 391 346 902 674
594 602 632 881 332 927 161 557 693 295 240 434 186 229 672 763 398 225 586 578 762 957 819 323 115 612 987 989 982 589 949 280 792 430 549 108 204 421 932 585 194 350 498 573 748 133 724 479 518 121 719 734 679 700 308 258 385 347 471 919 312 907 430 895 926 467 288 902 379 359 805 896 302 667 571 233 281 595 533 808 780 197 632 869 775 529 767 280 510 202 864 423 506 519 475 874 930 842 727 418 648 533 438 165 171 614 252 433 371 254 840 523 985 170 925 464 928 688 350 990 405 570 631 546 100 170 506 138
269 671 224 838 566 561 623 441 906 583 581 867 839 485 349 476 281 791 744 708 767 916 396 747 834 944 568 789 555 851 563 649 793 248 349 958 840 881 598 243 714 691 236 856 834 701 193 110 633 726 275 719 342 441 983 971 834 628 677 994 985 456 969 285 745 471 829 365 322 935 604 737 261 717 437 434 337 897 233 474 103 227 338 197 381 691 176 684 944 978 325 693 208 436 593 771 587 136 675 281 366 891 879 565 957 567 386 521 498 915 684 990 293 594 446 615 325 564 758 776 631 776 525 235 571 480 793 632
421 719 462 488 684 629 201 121 995 346 736 780 988 728 898 923 660 126 979 698 561 377 518 577 675 443 888 510 615 571 741 566 864 338 470 312 137 992 819 355 532 325 471 360 637 200 494 497 296 221 983 726 864 345 613 288 401 157 607 614 900 752 520 661 570 182 357 373 488 696 738 231 343 643 391 687 471 734 321 957 729 156 269 547 302 941 129 250 218 362 240 299 232 300 985 100 369 782 571 242 472 194 217 898 326 997 899 761 925 397 630 575 225 679 430 463 567 395 120 219 963 751 283 204 262 318 831 611
542 590 177 855 412 885 779 268 180 774 834 167 554 365 151 712 472 872 183 699 404 468 700 501 541 812 840 333 633 810 226 469 779 826 529 538 272 348 315 602 884 590 386 946 908 990 150 766 276 623 243 769 122 163 844 251 699 290 682 125 202 724 500 328 751 199 846 688 360 508 811 115 719 859 767 933 861 378 729 671 554 777 516 721 168 432 312 970 897 149 503 322 925 649 301 870 111 760 876 596 117 509 441 505 606 289 188 282 114 538 645 290 567 698 725 609 687 423 879 222 551 703 713 934 201 615 288 611
316 107 178 417 630 678 941 138 392 426 126 824 658 518 784 654 531 436 777 795 462 538 260 261 616 208 123 261 419 353 958 630 437 484 156 824 874 442 688 652 443 299 181 267 767 977 996 680 943 281 157 635 885 662 784 443 738 223 898 410 126 439 565 476 378 376 685 485 927 318 811 492 359 833 641 101 853 794 525 243 898 942 346 693 547 189 678 310 844 478 806 459 380 554 744 220 669 116 928 163 281 997 426 921 953 833 643 337 235 292 833 815 833 786 866 825 877 194 721 171 137 114 222 212 520 248 718 584
599 362 160 825 460 984 585 593 782 197 266 241 626 444 694 256 620 472 257 503 967 141 142 592 288 787 193 991 991 503 597 826 171 316 621 716 369 460 548 953 472 297 645 125 332 983 842 722 771 841 662 771 950 997 581 696 225 913 776 880 487 451 236 554 642 493 993 429 814 185 805 660 404 794 421 356 441 885 684 238 596 464 680 505 194 225 828 681 734 993 443 468 542 421 378 659 407 934 709 751 449 988 443 963 501 870 495 215 221 721 172 307 877 982 708 313 541 600 925 475 615 524 383 805 498 160 891 809
960 126 602 372 315 183 528 935 884 793 995 670 116 450 137 331 304 539 937 368 634 518 309 257 819 477 615 166 978 169 723 998 708 983 130 660 919 350 433 171 479 627 591 990 867 107 686 339 128 829 476 795 425 998 764 459 191 967 177 399 752 250 314 502 777 888 171 654 495 579 334 113 234 402 142 120 794 838 170 634 118 564 557 369 431 692 526 537 923 841 486 233 451 712 551 573 871 512 962 845 281 190 905 626 835 727 766 407 881 348 913 940 898 255 302 132 612 445 356 728 677 522 720 276 833 326 625 269
596 544 979 694 539 781 669 670 825 726 907 111 457 739 420 338 623 262 210 553 318 672 671 689 753 495 174 764 647 605 623 398 573 463 978 557 687 764 490 615 210 158 731 584 183 558 769 351 796 605 187 567 293 541 104 677 657 684 440 458 546 396 538 833 376 701 565 538 884 487 748 118 384 887 173 737 865 658 121 539 171 265 735 398 778 385 847 800 470 900 708 942 755 514 589 361 878 764 201 942 317 240 141 700 869 419 955 508 558 620 274 959 915 863 330 914 796 382 749 165 139 392 778 992 804 684 489 405
498 482 359 437 547 942 315 202 876 155 439 185 109 446 752 531 158 223 141 713 223 750 990 150 643 575 621 538 755 527 886 215 880 483 669 528 872 796 352 267 141 763 196 282 432 583 790 612 404 818 415 848 515 827 408 223 830 478 522 226 383 580 446 864 340 112 170 718 806 473 188 443 311 537 269 120 291 819 922 479 183 904 912 902 113 468 166 341 869 898 668 729 542 897 633 736 230 793 986 229 973 544 352 473 554 365 148 985 456 164 421 373 712 186 813 634 571 696 835 966 328 991 144 889 747 921 110 325
492 519 127 127 912 796 255 753 357 434 396 442 819 525 562 315 770 816 953 317 178 595 810 632 880 404 622 284 250 157 540 784 338 791 437 142 265 809 513 386 757 754 427 940 561 585 426 439 381 748 518 535 192 927 371 721 228 838 754 772 721 592 239 909 795 582 422 161 108 826 519 900 958 507 846 956 414 884 298 503 875 930 832 125 725 106 450 359 154 342 444 254 328 919 650 543 738 769 347 133 517 324 398 304 856 668 550 259 576 404 143 944 887 544 173 241 674 617 936 223 178 867 732 471 277 465 641 533
561 492 450 373 573 613 859 297 566 132 636 420 199 981 923 839 148 323 132 589 271 318 266 666 833 890 369 643 551 995 620 301 121 514 751 596 307 508 830 671 672 254 388 786 189 497 561 688 664 871 744 261 774 948 602 422 187 122 879 371 131 263 490 902 290 146 943 953 234 305 961 117 701 659 987 211 803 141 173 719 966 567 901 922 236 765 334 294 113 109 588 439 435 807 483 156 162 660 427 643 639 626 582 997 524 270 300 396 841 359 277 966 222 902 447 905 648 644 949 941 436 934 906 919 428 421 218 814
256 351 222 488 239 374 474 858 373 325 883 425 384 597 997 240 521 265 685 846 969 333 463 500 404 476 806 149 574 409 691 745 666 708 464 416 649 143 733 950 432 787 518 299 177 236 736 286 853 303 168 544 286 556 712 880 786 122 528 139 689 782 179 151 679 519 970 822 963 857 669 951 419 920 860 269 346 790 146 382 928 439 442 678 217 225 549 910 218 538 963 591 183 489 988 413 665 736 370 325 815 882 416 885 478 322 579 245 142 642 644 895 753 575 664 422 726 987 980 607 767 531 175 286 485 806 316 396
473 437 811 315 858 298 520 923 437 222 397 678 522 494 642 438 590 238 907 841 998 550 435 773 515 410 922 407 156 553 873 807 167 634 172 323 297 397 407 450 969 884 837 646 328 754 116 326 492 302 144 400 907 709 624 965 443 717 410 419 416 201 528 754 973 396 478 711 318 170 388 890 640 874 717 641 215 788 816 461 705 998 195 100 198 715 523 431 523 223 912 564 703 416 514 873 403 985 462 142 902 444 497 578 674 499 615 621 240 325 814 600 305 525 388 969 697 828 935 349 108 359 142 983 246 152 659 690
704 188 700 780 817 881 453 503 300 153 685 220 778 648 563 676 223 945 139 694 951 657 474 807 482 971 302 911 261 683 206 460 308 180 563 362 315 349 131 342 639 540 571 175 424 197 959 455 596 132 210 727 364 409 935 852 118 529 261 544 827 770 144 894 169 369 267 964 395 913 661 879 802 733 529 514 768 789 908 971 529 991 668 383 562 950 340 834 521 375 121 255 678 719 830 394 321 562 243 210 552 426 547 837 536 583 148 850 985 669 318 282 104 488 755 840 988 354 731 744 556 578 275 152 389 845 508 326
423 441 691 969 127 966 922 407 805 287 381 902 210 473 685 230 441 315 177 531 343 954 906 863 749 724 543 666 604 665 162 529 663 429 133 678 995 196 384 132 244 651 247 417 495 309 174 400 250 884 478 191 199 123 947 866 520 884 537 349 257 154 927 884 797 949 994 356 454 736 208 430 253 124 540 726 774 297 863 794 737 762 772 887 808 254 960 887 937 647 718 639 940 123 542 431 855 781 560 655 771 297 722 824 210 484 522 930 315 294 635 268 904 183 256 233 758 992 215 322 441 329 566 444 665 261 915 703
891 229 571 553 472 666 543 116 185 943 684 253 480 351 198 880 947 648 472 164 239 862 560 987 749 347 666 330 762 850 289 852 797 579 486 579 588 367 398 470 643 870 958 546 911 288 583 668 712 208 695 902 756 635 399 545 464 513 582 888 469 604 696 634 858 422 659 552 646 202 177 179 130 554 850 980 140 653 247 853 494 121 398 669 474 469 344 131 207 133 142 439 220 314 199 921 140 734 239 262 916 437 256 930 714 795 443 131 681 225 201 108 562 417 296 797 816 800 405 662 319 568 462 354 735 797 889 346
960 679 117 518 431 796 471 654 644 230 933 552 582 284 507 499 985 587 832 283 845 735 537 729 207 462 698 384 829 366 699 167 450 845 965 426 132 384 413 690 139 174 990 969 349 250 596 111 808 859 507 586 519 236 344 795 404 932 422 480 669 311 376 751 449 832 531 537 775 741 229 271 940 384 161 906 173 478 260 610 415 493 662 125 496 628 499 926 946 413 536 982 100 386 913 990 151 989 422 854 161 313 848 564 406 403 907 403 597 301 425 348 688 992 763 307 201 823 673 115 411 434 691 791 124 404 449 444
654 577 820 407 510 102 942 222 393 583 501 895 856 129 137 744 200 347 812 302 280 829 908 504 281 646 445 899 755 528 377 166 155 734 890 796 670 595 242 132 748 189 900 660 793 848 837 377 693 983 976 578 410 402 166 132 756 427 995 843 641 149 895 436 851 803 755 611 672 138 149 635 971 560 578 931 724 348 269 969 709 681 854 724 693 136 613 658 284 466 131 623 926 964 657 953 590 606 783 904 878 272 831 312 904 253 922 447 998 695 450 157 239 337 423 745 857 537 481 595 246 103 744 596 929 192 514 315
361 211 401 737 651 832 534 557 293 232 202 139 698 641 649 202 947 600 434 406 466 139 983 857 441 627 720 715 660 572 328 272 776 427 576 763 596 545 652 364 385 809 577 642 383 756 344 295 920 259 534 208 802 651 245 832 862 697 792 660 696 751 281 944 341 319 786 458 444 641 856 321 798 638 468 561 111 743 827 240 351 405 565 232 645 988 633 498 761 259 620 525 952 727 309 379 306 637 818 973 788 231 216 873 338 449 450 780 391 346 960 324 936 356 365 459 575 627 234 290 389 663 102 120 385 498 326 403
694 784 199 724 930 239 224 951 653 479 266 331 595 162 825 582 192 245 241 904 572 547 260 332 458 171 718 724 193 506 998 595 175 966 359 416 515 609 610 667 478 275 496 910 633 759 764 819 990 115 529 995 732 588 734 235 555 684 657 635 931 522 984 213 198 657 559 508 614 374 946 635 461 372 172 891 788 298 795 584 344 169 155 288 473 704 968 774 156 246 494 244 689 580 996 833 692 252 543 622 320 985 895 389 302 237 145 800 714 643 193 735 189 286 254 751 450 830 747 791 428 810 327 967 359 612 152 948
233 355 349 373 121 170 260 335 909 779 778 404 363 591 382 353 107 147 216 445 796 582 160 127 477 342 769 642 994 923 531 282 230 217 192 120 291 414 338 374 790 846 338 327 587 686 252 957 481 574 845 163 880 962 197 658 172 804 461 328 906 376 930 454 116 719 206 525 471 335 891 524 972 505 103 333 902 219 301 265 593 997 142 344 984 247 803 409 125 818 353 246 465 219 998 696 289 920 735 517 829 148 305 802 818 104 531 536 673 286 955 973 902 909 180 887 564 136 741 843 718 895 583 110 366 407 319 161
638 421 502 575 878 926 579 735 706 805 780 116 821 309 221 256 598 508 914 363 845 192 157 313 786 444 655 798 951 818 542 362 495 877 608 407 148 607 446 581 654 129 674 467 240 497 703 628 424 813 257 353 758 396 194 398 475 361 818 181 254 525 713 519 707 158 220 880 144 186 194 480 700 805 319 691 189 504 621 376 971 262 529 290 766 138 494 484 556 895 388 469 764 442 823 628 741 371 753 933 247 125 589 721 230 954 283 192 379 867 652 100 738 778 517 193 923 566 372 991 142 736 156 390 676 753 965 146
477 518 924 844 605 221 526 391 874 381 711 502 826 706 671 126 754 498 721 939 433 592 288 819 169 362 335 681 614 250 163 930 886 945 154 420 509 188 365 233 483 618 692 273 266 448 393 878 986 386 123 350 724 931 514 809 264 120 687 683 729 958 456 705 654 234 712 190 973 423 874 620 190 487 804 604 251 280 898 294 235 731 948 788 190 287 515 585 534 867 484 154 345 893 343 297 579 953 315 565 428 808 115 689 487 356 584 925 764 475 289 370 800 495 845 236 126 320 213 466 900 901 510 935 187 731 752 876
955 633 847 492 164 673 685 742 947 479 879 196 848 463 961 171 179 273 414 241 591 878 822 959 224 629 127 471 724 282 203 268 792 866 147 761 743 111 387 700 281 393 418 807 186 845 265 562 898 500 869 801 986 122 983 492 261 774 720 788 463 865 381 189 829 222 733 195 997 518 631 804 244 835 172 720 586 809 893 890 715 246 669 232 368 575 898 209 202 545 641 917 855 837 481 457 716 520 726 109 651 340 155 720 702 330 525 985 665 217 614 217 948 212 293 504 195 921 698 107 492 876 788 243 110 303 497 718
119 551 209 990 577 617 167 331 585 743 102 365 968 218 789 470 925 154 868 639 262 649 544 930 555 970 964 728 658 697 454 958 592 688 970 936 640 226 781 867 472 145 520 420 204 113 135 592 281 934 913 635 715 521 365 413 424 871 767 547 976 580 519 868 181 163 899 571 878 791 317 307 232 581 726 882 633 984 585 934 283 289 484 754 588 790 542 604 603 633 780 952 861 129 331 468 790 176 767 920 842 599 141 569 653 528 597 654 245 299 227 135 969 760 608 599 788 820 471 209 578 382 876 458 173 904 755 718
877 200 941 519 533 984 313 586 300 476 721 970 414 191 149 667 858 211 156 197 439 515 629 219 325 211 367 992 905 486 813 299 119 198 964 445 462 319 680 607 218 937 948 232 815 933 291 400 133 775 195 724 829 751 836 587 452 650 961 168 345 688 994 188 810 765 881 800 268 941 996 458 999 228 827 404 770 225 872 450 995 888 157 180 192 349 548 445 722 791 413 200 672 297 533 423 103 980 271 648 839 196 816 915 565 163 631 151 318 829 372 854 436 595 674 253 404 848 918 880 390 988 941 417 510 740 258 124
617 163 135 205 631 905 976 692 599 236 856 772 186 388 264 290 420 477 636 517 144 677 254 594 239 261 826 383 997 466 804 990 238 102 446 844 952 375 961 818 454 265 525 997 289 667 319 765 766 581 315 588 165 438 789 120 931 926 597 546 241 384 279 482 888 346 243 454 269 599 618 104 558 325 628 114 873 176 872 927 999 563 124 563 883 261 814 154 135 879 462 381 668 613 375 326 244 259 209 197 610 728 528 676 853 277 164 395 223 418 535 221 359 707 172 907 907 106 518 720 400 122 613 738 132 897 909 378
744 558 584 545 882 593 160 272 322 652 757 674 710 650 856 478 987 679 290 506 189 683 758 732 122 613 244 658 226 967 620 985 175 169 546 135 460 433 355 499 425 642 555 905 247 458 574 880 760 843 700 443 574 491 895 782 992 433 890 196 512 712 912 938 819 981 815 247 588 571 410 793 412 781 497 642 817 801 511 154 220 178 640 425 722 400 682 389 396 743 469 710 312 608 655 258 739 370 784 363 317 974 688 192 972 643 207 755 386 765 386 304 886 485 634 952 529 458 975 491 471 857 795 925 600 556 996 401
160 165 888 351 234 734 600 850 881 940 789 183 201 576 753 126 117 516 967 941 846 391 145 384 646 786 231 853 991 338 330 800 819 214 683 896 711 519 148 817 199 564 517 683 525 898 997 310 101 826 731 816 167 845 880 586 205 619 583 567 661 336 590 583 155 407 100 761 274 143 234 631 853 417 708 856 226 192 660 810 306 587 152 464 796 683 778 612 709 625 267 400 456 507 589 214 849 893 823 949 188 432 831 688 336 673 548 419 844 419 224 462 792 900 654 143 739 254 675 384 572 274 642 155 884 788 258 572
897 896 936 101 278 183 643 132 796 289 581 907 637 281 994 308 729 302 973 123 264 421 232 587 108 803 694 583 631 521 207 575 690 227 527 223 848 345 368 410 533 116 166 638 449 839 189 202 156 622 374 504 363 196 386 339 312 877 614 959 221 705 942 231 651 480 930 822 563 149 153 137 178 706 897 159 845 824 752 619 515 733 517 144 768 439 104 793 632 410 193 321 651 899 568 969 425 918 313 174 432 772 621 181 469 924 473 212 981 831 721 270 609 149 551 746 611 758 440 815 146 191 665 291 649 749 657 396
499 125 572 630 182 267 756 221 207 522 780 942 723 925 552 528 424 291 394 486 663 449 506 768 638 489 711 367 663 174 561 516 623 828 958 167 566 910 286 277 650 607 483 509 976 754 927 172 570 504 865 631 663 529 326 924 814 339 694 572 852 451 610 806 679 265 536 337 469 138 656 657 757 252 244 522 618 401 272 196 975 409 647 498 504 605 769 374 627 730 532 262 841 489 152 325 470 350 293 949 984 398 429 214 155 103 450 292 690 372 272 180 316 702 197 429 196 106 810 197 681 540 161 505 139 771 322 635
867 637 905 650 339 961 423 713 815 110 386 440 433 982 891 802 204 381 438 109 850 368 642 160 445 350 891 439 432 575 147 811 469 490 291 672 537 424 325 287 132 272 669 774 124 120 396 428 893 983 917 412 654 905 321 775 669 798 812 689 705 246 496 415 886 307 726 507 346 358 666 536 793 728 190 960 530 519 978 336 140 754 314 739 948 215 351 430 851 564 670 967 871 302 768 248 738 679 445 760 729 296 991 990 351 669 268 171 679 947 140 609 504 824 976 768 827 153 253 277 518 646 996 258 461 598 688 264
872 223 770 915 849 648 896 659 717 614 765 155 298 705 336 221 809 925 496 954 850 898 721 357 879 669 240 770 965 125 837 676 594 341 555 464 101 726 405 230 741 440 319 653 107 246 163 964 323 314 724 448 900 111 497 442 922 681 263 264 844 123 978 595 765 379 367 795 839 139 852 466 575 481 511 977 995 492 984 538 973 358 460 326 186 794 292 631 171 643 986 544 516 967 197 132 649 130 410 652 835 236 410 692 191 270 651 529 556 372 337 544 173 550 489 758 341 129 308 381 401 464 661 809 517 700 881 192
175 207 639 596 791 689 108 191 696 479 166 509 451 930 205 474 554 389 893 551 954 860 319 875 663 220 882 707 667 157 841 216 591 181 691 207 258 190 434 523 340 899 828 590 670 289 796 225 976 566 558 393 382 915 224 409 175 242 444 458 809 279 217 487 203 549 491 483 270 732 121 419 970 400 360 199 129 172 299 463 598 648 177 153 460 782 572 728 254 551 156 497 190 867 240 836 464 422 416 419 311 174 427 293 831 152 427 644 467 357 615 177 191 209 625 541 747 195 242 157 106 989 146 747 890 201 984 647
813 815 307 815 490 788 883 592 469 757 602 478 800 367 719 983 868 736 371 761 811 425 569 563 745 140 138 559 164 133 504 393 361 258 314 264 829 546 106 152 628 860 845 421 819 339 163 431 670 363 292 982 823 533 834 917 548 590 104 925 490 379 786 460 535 598 959 761 819 931 850 291 926 794 758 281 724 861 455 651 110 917 288 963 175 690 860 928 680 133 767 588 631 218 348 110 342 921 190 651 822 191 872 509 635 928 538 390 388 365 998 295 227 510 246 897 191 784 267 288 406 113 550 242 804 614 110 989
604 744 170 802 831 372 782 977 213 877 173 897 220 504 792 859 745 501 627 390 878 799 934 856 552 834 813 174 540 963 169 953 532 103 683 336 251 320 546 644 527 560 249 392 460 940 723 577 242 308 754 235 177 234 695 344 665 543 305 381 364 550 181 509 184 638 205 582 134 974 201 485 598 259 338 309 231 443 183 493 466 458 560 279 937 179 196 309 252 382 740 947 937 149 318 608 739 678 537 629 844 190 594 829 902 547 142 668 855 919 760 922 834 317 754 130 260 446 946 454 893 583 208 370 525 148 245 417
343 183 778 460 971 442 478 895 517 556 550 793 973 474 392 772 236 365 651 342 217 989 440 196 506 476 263 501 935 222 946 513 819 578 174 778 482 195 198 610 963 546 291 879 286 286 360 835 692 676 496 160 872 312 451 172 856 715 855 941 459 169 311 913 299 389 775 147 341 598 689 821 536 958 559 548 377 350 251 311 759 260 347 847 774 636 305 664 163 193 514 527 406 987 291 707 972 423 494 832 754 659 775 511 516 675 129 346 841 887 262 388 524 221 562 688 501 944 318 110 607 331 592 264 344 164 820 631
359 905 573 320 801 459 268 301 702 204 921 543 920 637 328 223 417 388 629 768 977 812 593 589 394 348 633 116 812 459 229 505 336 471 160 130 392 937 138 327 465 798 693 109 810 894 598 406 281 236 414 986 514 439 894 395 737 921 509 819 453 608 680 320 305 315 643 174 466 385 100 848 249 360 765 822 423 568 786 298 259 116 736 357 707 519 527 934 673 444 717 665 679 611 918 104 116 819 249 394 546 808 789 401 857 328 701 331 932 735 245 692 529 621 467 376 722 129 766 711 519 852 762 731 342 240 848 432
136 345 765 589 734 953 814 822 263 791 960 976 664 282 242 942 912 857 969 570 700 650 831 994 403 141 427 896 644 844 666 306 660 570 913 477 117 581 950 386 144 721 638 776 455 833 233 269 924 467 330 494 518 454 985 498 840 461 806 386 787 753 396 504 124 838 571 713 659 889 390 555 124 637 268 742 848 943 767 251 914 666 946 261 806 446 814 121 438 135 515 914 351 560 326 146 938 156 952 120 332 125 295 139 490 963 308 213 886 619 500 683 575 654 488 317 172 627 809 965 660 740 339 575 196 636 555 322
849 529 579 298 438 416 792 381 837 485 476 924 188 391 121 270 759 151 970 495 355 968 913 551 545 654 917 303 462 209 130 280 636 563 696 165 123 509 220 662 405 948 126 945 828 514 607 607 249 612 355 911 822 190 628 549 594 821 934 833 232 463 509 184 284 375 197 850 787 952 101 803 664 754 396 551 590 959 261 605 670 395 777 254 708 263 253 161 264 421 501 257 345 669 626 999 903 112 605 106 390 528 147 216 304 629 167 112 556 682 256 342 222 166 292 245 798 951 728 769 255 445 270 691 254 730 617 654
322 894 672 347 417 441 391 280 986 623 320 649 489 601 337 782 718 342 198 189 144 849 774 364 769 223 895 254 115 454 850 183 399 263 170 216 773 274 274 936 915 164 247 168 420 416 516 413 489 827 360 473 724 312 285 353 443 493 512 999 653 562 527 533 693 544 975 717 118 620 808 957 214 771 657 875 606 721 432 484 666 917 277 583 237 264 475 798 258 601 309 512 293 595 205 310 507 420 325 878 586 793 577 203 138 696 510 816 206 123 455 457 333 965 842 404 978 381 211 604 346 415 254 633 633 965 899 213
808 526 630 911 351 128 743 549 930 468 826 707 718 354 154 902 596 219 636 918 564 300 698 542 801 414 586 811 642 162 167 359 565 365 425 549 485 562 825 412 861 252 211 700 581 297 960 997 158 882 133 747 976 330 337 697 952 477 223 108 885 225 487 899 155 342 367 701 796 948 889 723 473 311 538 497 652 942 608 331 798 940 987 441 198 835 344 635 127 181 124 615 105 278 707 600 821 669 129 663 177 509 672 294 131 210 583 248 746 100 946 502 501 271 341 768 579 892 680 984 461 574 931 822 686 717 929 431
643 903 775 361 632 856 725 762 831 749 957 259 539 855 436 606 538 536 578 248 952 465 369 479 181 814 148 206 721 925 694 424 401 496 403 466 933 270 617 116 235 992 417 978 433 837 876 318 977 324 259 496 559 349 265 152 222 304 572 886 836 186 120 137 467 323 969 632 105 937 668 410 114 246 936 697 398 289 766 231 781 686 607 744 591 838 229 360 683 444 511 283 257 301 736 166 949 330 928 523 686 802 981 229 869 309 750 989 613 419 355 616 814 673 266 514 657 908 222 529 822 609 727 111 992 335 925 477
781 230 548 789 574 820 302 537 864 631 271 302 573 250 764 261 397 656 381 376 482 849 360 953 895 818 808 988 911 639 955 513 412 866 498 214 867 920 255 463 919 381 738 201 830 613 424 706 921 913 698 573 141 842 707 425 372 207 559 951 418 417 765 416 799 177 184 597 246 690 152 962 732 928 778 841 869 572 144 511 648 355 767 299 221 988 472 636 566 334 994 357 750 948 670 545 953 231 836 653 826 328 810 289 387 233 457 429 234 383 474 115 451 463 561 977 957 513 214 549 969 248 858 561 295 915 686 900
734 793 267 917 971 717 979 633 749 324 213 264 639 788 411 620 437 936 327 148 916 670 771 370 241 279 620 364 267 883 558 346 875 632 827 686 588 391 789 687 797 649 466 245 717 355 768 352 118 746 552 595 487 718 639 389 136 345 553 614 887 688 885 926 617 971 638 139 946 224 328 905 176 978 145 128 199 185 611 664 103 133 352 963 117 673 849 245 930 794 478 217 947 264 705 105 926 475 256 575 660 669 917 364 370 759 386 747 569 604 829 460 497 677 302 209 724 601 438 634 934 658 244 418 444 310 309 551
260 219 764 383 610 837 794 554 210 543 703 713 113 766 463 121 486 440 360 612 150 722 903 825 794 268 779 579 971 183 385 269 344 603 638 578 129 674 245 978 922 835 712 847 446 513 123 596 595 723 327 377 616 770 275 795 894 525 169 644 108 801 111 398 858 842 912 428 272 477 538 293 114 344 569 816 174 787 605 921 787 202 584 966 207 190 612 445 620 557 267 925 892 541 544 991 658 990 623 538 505 367 757 200 376 213 727 649 792 881 457 254 445 449 934 790 115 625 815 921 646 411 511 316 771 147 423 248
699 610 549 801 551 255 427 578 306 204 670 713 400 244 903 530 129 540 513 404 124 824 459 503 236 960 199 166 945 312 704 154 824 379 465 601 253 594 313 923 618 714 860 838 670 731 420 128 179 435 710 364 898 461 796 531 121 796 931 893 347 820 612 425 140 341 517 710 600 230 692 612 686 723 280 728 309 647 867 765 671 743 156 622 569 105 141 443 320 315 534 429 817 149 787 228 784 806 639 998 335 477 704 460 474 656 798 694 837 658 583 111 770 344 777 764 805 650 537 388 554 385 482 621 218 372 533 836
837 122 365 641 800 808 261 355 323 865 740 614 767 477 343 665 846 482 817 701 735 859 312 701 348 908 980 496 902 655 500 372 481 781 633 381 190 544 952 442 782 673 456 315 866 669 881 900 317 508 330 137 506 139 216 187 481 576 607 905 616 668 724 321 319 583 320 429 524 489 765 250 477 453 127 842 488 767 775 716 732 539 262 959 156 664 428 494 857 656 196 407 115 946 829 458 609 715 838 579 335 715 904 303 185 415 380 280 542 744 142 237 505 663 738 680 515 582 167 237 943 642 625 153 211 807 432 552
413 170 865 362 167 577 422 961 543 660 406 668 138 191 931 486 330 694 782 114 863 727 885 251 686 695 898 292 824 951 967 526 645 431 982 837 570 416 786 500 438 240 333 579 189 139 909 717 285 429 269 762 881 944 980 573 804 650 928 384 894 163 824 231 279 548 499 130 515 687 989 870 290 349 705 870 647 491 529 600 470 717 680 316 264 187 256 637 957 364 463 374 437 669 113 382 520 417 522 110 109 767 224 184 465 442 967 857 167 764 591 296 725 448 677 744 969 516 120 168 705 616 732 832 969 669 391 218
339 393 323 572 470 316 226 313 920 824 322 522 295 727 732 873 425 575 511 916 866 909 176 786 131 263 866 749 244 682 886 186 632 379 654 178 313 905 175 126 685 236 446 169 338 686 120 141 621 469 909 581 311 366 312 358 321 261 448 237 246 720 993 198 905 363 629 776 212 168 603 651 119 910 717 414 651 816 740 828 664 686 331 854 713 583 116 389 851 379 998 614 299 589 393 906 838 789 248 219 315 487 234 408 504 419 418 198 993 100 493 431 524 354 929 120 934 716 227 789 553 539 521 191 787 652 687 638
927 593 724 377 787 611 243 770 301 850 821 861 404 334 927 949 944 476 572 241 653 433 883 139 771 356 241 497 129 354 315 127 998 747 425 496 899 691 275 182 788 143 896 550 580 863 864 845 768 108 880 526 885 540 717 866 183 927 135 386 603 883 504 142 559 836 401 887 525 822 533 934 532 135 613 421 426 605 934 472 860 281 722 324 522 871 539 619 228 496 691 782 799 682 272 927 954 341 566 195 594 266 612 962 129 792 896 762 504 979 809 309 310 570 655 737 433 827 760 282 996 505 957 127 333 390 468 552
716 824 621 156 243 310 457 897 921 397 478 784 732 929 362 236 239 368 494 236 458 737 572 891 467 439 223 186 284 813 751 714 765 400 658 719 760 989 472 760 984 989 228 231 546 954 973 733 211 788 993 284 853 399 405 233 577 214 322 620 172 338 863 659 568 505 483 386 479 861 810 222 267 769 572 652 453 551 855 727 916 648 750 557 634 221 841 476 383 438 262 446 139 563 343 340 246 138 632 387 198 547 941 252 220 187 145 205 237 729 216 811 326 441 650 763 837 944 267 432 515 337 420 912 552 977 277 314
340 974 421 712 839 668 400 474 349 401 394 397 526 731 500 798 181 528 900 857 619 852 573 487 893 427 946 389 738 293 874 799 617 846 244 365 725 470 195 704 563 623 409 587 274 306 797 947 828 779 518 768 144 922 843 270 621 122 750 112 357 575 180 284 322 468 208 509 765 481 620 765 664 878 810 523 173 945 357 939 182 470 787 894 412 882 483 104 465 309 228 767 545 274 231 190 817 812 351 122 584 998 880 321 278 655 981 108 668 682 506 570 516 697 755 261 113 330 778 108 101 893 371 779 340 207 986 318
739 527 586 643 114 960 212 912 709 262 851 314 975 459 155 539 724 242 195 908 964 253 971 811 134 833 175 852 564 606 308 668 900 154 943 773 659 707 304 450 249 764 629 138 568 522 206 237 631 856 433 527 497 872 126 442 432 480 709 647 378 490 701 191 117 621 672 580 716 550 270 797 902 120 610 321 517 658 841 681 168 190 280 702 528 594 175 129 819 503 391 740 694 388 742 530 892 731 289 926 501 190 866 574 258 794 166 750 858 491 267 140 338 208 766 537 174 685 664 806 462 561 192 237 423 540 897 145
978 478 785 307 907 775 934 687 977 475 291 604 496 762 823 498 409 325 646 162 138 791 220 897 814 993 716 253 630 329 629 269 563 606 115 149 498 500 665 382 755 726 948 704 511 548 782 651 425 693 146 725 699 491 791 950 378 956 599 726 301 739 917 813 474 619 943 652 110 219 918 721 871 910 101 808 565 398 733 740 496 103 884 883 135 380 898 507 838 855 880 283 669 704 393 767 620 607 229 498 792 918 900 518 689 504 924 859 550 396 792 444 344 108 514 836 117 875 592 350 697 666 721 137 185 326 992 716
947 708 450 679 956 630 834 711 445 783 450 101 638 850 518 406 466 483 830 443 604 433 391 313 322 623 197 810 674 459 114 597 901 741 111 933 371 511 751 527 845 697 348 240 326 411 979 706 620 255 904 221 143 221 366 872 461 527 121 647 812 270 911 743 739 649 129 152 651 266 420 542 183 230 990 101 967 656 746 993 427 869 869 865 270 591 949 934 877 688 219 502 860 516 689 767 661 650 129 844 416 259 580 678 746 178 203 150 342 294 789 838 687 750 629 195 858 281 895 233 606 303 492 421 900 141 989 175
874 369 178 966 475 579 819 959 373 925 205 167 129 874 578 756 190 937 337 521 843 439 733 344 440 291 446 773 247 720 834 506 399 239 238 618 431 538 195 734 677 507 877 393 898 162 503 170 297 371 141 249 411 782 162 939 234 826 489 725 614 973 370 321 649 562 618 362 933 854 374 367 834 848 488 965 844 253 808 280 301 910 281 232 896 236 470 362 529 772 878 834 143 793 854 499 603 140 411 408 458 895 103 832 637 654 631 764 129 162 318 868 536 931 166 126 995 577 977 180 923 311 170 165 294 828 412 961
414 360 989 894 512 714 756 808 302 961 543 779 195 997 369 264 733 139 588 603 803 318 388 562 987 636 751 900 163 867 412 434 400 434 231 325 765 465 787 922 874 535 448 774 235 365 840 330 128 888 675 166 170 232 710 399 970 144 188 873 348 737 658 710 369 642 359 506 209 762 382 455 133 737 781 238 187 862 950 206 778 512 757 818 823 749 811 978 813 257 659 635 292 889 599 548 929 555 409 689 724 458 413 926 547 838 873 432 872 360 860 713 227 697 305 861 494 710 908 126 390 638 319 828 279 346 521 410
807 938 730 685 738 574 737 101 777 335 307 385 659 806 693 388 345 247 977 622 220 642 198 971 672 886 360 674 100 312 141 515 627 584 885 207 313 953 135 600 955 256 566 258 130 787 771 350 554 905 460 551 937 398 152 296 256 258 804 435 427 521 413 967 821 178 575 925 645 312 258 823 807 122 104 599 538 559 711 226 422 514 146 673 527 242 846 832 628 104 926 890 669 798 567 362 517 956 633 769 698 374 338 563 526 351 827 726 286 522 847 497 422 238 745 314 705 603 237 981 946 237 231 105 152 652 177 205
441 248 964 720 860 785 517 112 998 719 590 779 166 918 863 484 824 641 335 283 418 794 372 623 369 556 806 545 912 821 396 310 786 844 724 265 753 286 901 785 125 272 837 280 407 754 497 611 233 374 429 583 612 710 107 423 416 616 221 731 136 337 474 822 521 126 623 341 394 806 916 816 265 131 564 108 241 667 613 287 479 273 898 216 114 676 167 553 719 530 908 696 403 589 801 431 121 856 606 115 121 653 150 985 328 124 926 464 461 209 901 882 646 103 369 310 795 442 353 458 465 144 992 275 231 734 444 960
938 909 273 993 707 157 550 997 173 997 658 146 386 353 934 529 668 119 916 488 853 172 478 915 559 481 158 619 726 148 665 164 738 988 516 194 255 156 358 471 297 620 809 343 123 184 463 173 206 533 429 410 128 771 234 888 515 260 497 541 403 518 965 523 946 183 692 442 120 246 456 960 801 651 176 612 964 603 466 202 200 689 809 674 700 636 387 614 848 585 987 961 992 346 323 818 429 117 301 800 371 826 660 410 532 683 498 681 203 983 788 566 710 623 209 314 920 284 600 314 875 658 503 956 405 593 883 491
862 704 653 738 834 774 830 624 532 228 394 504 558 682 716 570 468 280 193 375 247 594 389 440 460 359 259 886 355 849 940 811 353 210 161 225 636 337 175 745 747 160 286 228 711 531 370 131 768 701 527 932 672 486 710 887 518 335 717 890 179 143 222 326 274 177 563 308 819 390 511 361 414 764 480 152 776 653 697 171 397 446 762 575 429 475 721 854 805 375 428 424 200 910 300 308 855 396 911 267 475 730 602 128 880 100 260 653 797 870 925 395 802 451 579 255 256 928 784 258 910 605 267 685 980 484 995 600
863 946 732 382 406 321 229 415 214 219 867 313 804 777 657 198 681 100 121 505 444 603 133 211 129 977 122 875 440 293 345 590 146 244 745 374 221 585 446 657 722 473 433 521 599 144 729 284 273 419 726 556 689 896 141 453 859 422 817 632 290 553 961 326 168 330 682 765 651 931 686 967 203 661 742 228 583 574 930 416 901 888 613 990 773 515 153 557 675 324 453 926 459 415 732 472 308 751 794 717 420 653 941 400 868 978 717 720 139 382 826 519 259 423 695 502 217 309 475 218 399 267 727 391 126 116 564 814
373 655 912 486 396 558 152 456 426 428 458 619 163 359 448 463 329 282 152 873 633 234 463 183 361 323 476 849 354 442 694 698 941 449 102 162 587 719 542 833 293 912 257 597 931 310 506 579 965 204 693 667 746 310 639 471 945 562 579 686 384 809 768 322 909 985 556 582 889 133 408 162 391 530 769 732 840 416 175 250 314 276 938 981 108 606 948 505 263 125 236 148 453 111 636 348 716 309 505 498 744 921 242 127 415 407 453 232 573 273 832 568 668 261 589 771 678 325 608 788 689 688 664 377 461 980 806 954
745 343 974 544 543 288 230 441 918 122 636 509 410 546 814 537 132 333 609 843 420 576 560 772 325 940 694 185 239 311 463 480 491 575 370 933 355 629 978 694 218 572 234 436 611 724 240 308 836 521 752 950 408 566 573 453 778 729 545 275 989 160 861 957 938 993 359 813 590 610 142 215 299 216 289 409 642 994 615 282 346 802 407 165 482 124 640 239 136 355 696 637 553 679 615 194 379 166 871 938 620 261 377 294 287 914 829 783 742 353 943 393 804 337 499 814 833 469 282 792 606 894 644 320 534 510 209 539
363 185 997 190 219 100 720 670 935 768 249 638 706 986 261 279 881 956 849 966 488 543 167 755 330 525 718 420 367 338 577 655 154 701 207 246 717 852 165 447 973 305 958 215 678 165 334 716 546 239 127 880 319 638 893 740 108 664 874 954 151 127 134 633 160 143 858 404 861 408 986 327 830 679 776 975 211 166 918 355 357 419 307 732 107 373 729 675 218 460 577 920 885 253 260 215 567 765 785 972 557 502 502 307 733 157 332 636 838 320 102 599 675 721 262 681 699 808 127 176 583 874 891 439 817 296 837 273
674 912 717 928 864 690 676 496 435 778 335 217 706 866 396 198 670 328 107 734 680 563 753 175 945 263 787 221 158 216 689 171 544 390 958 248 382 829 130 639 837 367 563 839 972 233 342 263 521 215 600 563 983 373 116 569 478 436 472 429 209 797 767 522 731 502 307 887 336 602 640 221 438 828 219 814 215 965 518 918 129 208 435 928 369 302 358 370 612 223 611 653 822 611 809 594 386 713 698 981 350 517 385 640 674 158 645 653 476 764 311 164 332 229 144 439 863 409 908 464 217 180 145 150 512 874 307 827
441 272 268 942 386 508 317 528 490 513 217 509 457 511 614 796 160 349 507 981 765 573 555 961 183 334 320 217 718 967 174 680 741 754 265 794 311 925 354 589 130 982 453 108 227 402 581 930 671 837 381 485 915 347 327 455 321 708 378 439 702 197 182 583 376 588 108 830 725 213 975 105 360 276 221 927 457 854 971 527 992 280 641 752 627 403 720 403 752 418 659 678 848 933 592 660 672 995 831 324 359 541 162 806 713 504 638 687 970 921 455 979 951 646 843 689 343 914 389 291 540 171 398 545 895 387 214 751
245 518 891 168 412 766 446 955 217 350 571 267 305 193 628 870 231 196 780 947 229 651 122 476 111 459 405 270 279 305 341 546 980 628 795 108 543 127 679 803 526 837 845 718 221 218 667 872 839 894 944 657 720 197 946 710 534 742 141 547 523 448 656 722 139 403 859 608 439 544 927 149 710 828 344 374 281 124 895 821 734 238 201 450 305 511 477 572 625 442 370 799 726 243 464 957 318 193 853 241 664 127 469 676 906 727 177 266 357 264 384 985 482 957 762 607 597 881 603 685 121 636 247 529 157 799 748 249